begin
# 732
1509.0 732.0

0.0      0.0      0.0
6.361460 0.669865 0.000000
6.361460 -0.794649 0.000000
6.361460 0.669865 -0.156457
6.361460 0.615640 -0.312522
6.361460 0.561399 -0.379419
6.361460 0.398707 -0.490883
6.361460 0.207409 -0.535484
6.361460 -0.523492 -0.464885
6.361460 -0.686183 -0.369020
6.361460 -0.740424 -0.307323
6.361460 -0.794649 -0.156457
6.058460 -0.864940 -0.156457
6.058460 -0.864940 0.000000
6.058460 0.680933 0.000000
6.058460 0.680933 -0.156457
6.058460 0.623695 -0.312522
6.058460 0.566441 -0.379419
6.058460 0.394712 -0.490883
6.058460 0.211786 -0.535484
6.058460 -0.042087 -0.580071
6.058460 -0.578719 -0.464885
6.058460 -0.750448 -0.369020
6.058460 -0.807703 -0.307323
5.759059 -0.629551 -0.464885
5.759059 -0.806535 -0.369020
5.759059 -0.865547 -0.307323
5.759059 -0.924679 -0.156457
5.759059 -0.924679 0.000000
5.759059 0.688910 0.000000
5.759059 0.688910 -0.156457
5.759059 0.633582 -0.312522
5.759059 0.574636 -0.379419
5.759059 0.397834 -0.490883
5.759059 0.218724 -0.535484
5.759059 -0.036405 -0.580071
5.384059 0.218775 -0.535484
5.384059 -0.034261 -0.580071
5.384059 -0.439481 -0.533271
5.384059 -0.690861 -0.464885
5.384059 -0.877400 -0.369020
5.384059 -0.938690 -0.307323
5.384059 -1.000841 -0.156457
5.384059 -1.000841 0.000000
5.384059 0.701148 0.000000
5.384059 0.701148 -0.156457
5.384059 0.640479 -0.312522
5.384059 0.579792 -0.379419
5.384059 0.397767 -0.490883
5.045059 0.651279 -0.312522
5.045059 0.590592 -0.379419
5.045059 0.408567 -0.490883
5.045059 0.222375 -0.535484
5.045059 -0.034608 -0.580071
5.045059 -0.455493 -0.533271
5.045059 -0.717533 -0.464885
5.045059 -0.914058 -0.369020
5.045059 -0.975665 -0.307323
5.045059 -1.038557 -0.156457
5.045059 -1.038557 0.000000
5.045059 0.711948 0.000000
5.045059 0.711948 -0.156457
4.526059 -1.109240 0.000000
4.526059 0.712244 0.000000
4.526059 0.718504 -0.156457
4.526059 0.658479 -0.312522
4.526059 0.597792 -0.379419
4.526059 0.414495 -0.490883
4.526059 0.230297 -0.535484
4.526059 -0.029135 -0.580071
4.526059 -0.498435 -0.533271
4.526059 -0.768878 -0.464885
4.526059 -0.974194 -0.369020
4.673659 -1.046356 -0.307323
4.526059 -1.109240 -0.156457
3.765859 -0.962355 -0.628220
3.913459 -1.100734 -0.631323
3.765859 -1.243404 -0.610057
3.765859 -1.243404 0.000000
3.765859 0.722259 0.000000
3.765859 0.722259 -0.156457
3.765859 0.656899 -0.312522
3.765859 0.591162 -0.379419
3.765859 0.431232 -0.490883
3.765859 0.239029 -0.535484
3.765859 -0.018264 -0.580071
3.765859 -0.575051 -0.533271
3.765859 -0.787602 -0.464885
6.361460 -0.219626 -0.515268
6.361460 -0.378841 -0.476876
6.058460 -0.247173 -0.548869
6.058460 -0.426032 -0.510478
5.759059 -0.274659 -0.548869
5.634072 -0.409004 -0.533271
5.759059 -0.472355 -0.510478
6.361460 0.028069 -0.567064
6.286466 -0.044879 -0.580071
6.361460 -0.103735 -0.558472
6.684336 0.571381 -0.144191
6.684336 0.571381 0.000000
6.684336 0.526950 -0.276394
6.684336 0.489194 -0.324534
6.684336 0.352180 -0.421582
6.684336 0.195568 -0.461057
6.684336 0.031728 -0.471195
6.684336 -0.075913 -0.450460
6.684336 -0.164028 -0.427821
6.684336 -0.307884 -0.397477
6.684336 -0.434718 -0.390959
6.684336 -0.565572 -0.311244
6.684336 -0.601128 -0.269432
6.684336 -0.644809 -0.143792
6.684336 -0.644809 0.000000
6.634465 0.607010 0.000000
6.572132 0.636542 0.000000
6.572132 0.636542 -0.156457
6.634465 0.607010 -0.152369
6.572089 0.583477 -0.312522
6.634446 0.556960 -0.300481
6.572050 0.530397 -0.379419
6.634429 0.509124 -0.361126
6.571951 0.389182 -0.490883
6.634385 0.375719 -0.467785
6.571836 0.207239 -0.535484
6.634334 0.203329 -0.510677
6.572061 0.027289 -0.553741
6.634434 0.028676 -0.524650
6.572553 -0.096294 -0.535720
6.634652 -0.088625 -0.504625
6.572738 -0.194421 -0.505845
6.634734 -0.181332 -0.478734
6.573818 -0.338568 -0.473719
6.635214 -0.323683 -0.447942
6.574113 -0.480045 -0.464885
6.635345 -0.459933 -0.440246
6.574482 -0.639148 -0.369020
6.635196 -0.609515 -0.350011
6.574611 -0.692189 -0.307323
6.634674 -0.657331 -0.295157
6.574741 -0.745212 -0.156457
6.634470 -0.707556 -0.152436
6.574741 -0.745212 0.000000
6.634604 -0.707387 0.000000
6.684336 -0.305939 -0.371757
6.684336 -0.160612 -0.305211
6.684336 -0.072625 -0.389017
6.684336 0.032698 -0.427306
6.684336 0.193252 -0.446172
6.684336 0.345796 -0.407722
6.684336 0.478740 -0.313557
6.684336 0.513554 -0.269169
6.684336 0.556381 -0.141738
6.684336 -0.629809 -0.141259
6.684336 -0.587882 -0.261854
6.684336 -0.555708 -0.299689
6.684336 -0.430156 -0.376173
6.684336 0.557001 0.000000
6.684336 -0.624314 0.000000
6.684336 -0.144066 0.000000
6.684336 -0.159855 -0.290230
6.684336 -0.145284 -0.299096
6.684336 -0.149751 -0.315557
6.684336 -0.163603 -0.323078
6.684336 -0.174250 -0.311456
6.684336 -0.182333 -0.295363
6.684336 -0.159085 0.000000
6.684336 -0.129047 0.000000
6.684336 -0.303959 -0.380123
6.684336 -0.309463 -0.356873
6.684336 -0.431677 -0.381101
6.684336 -0.453436 -0.361991
6.684336 -0.064552 -0.375992
6.684336 -0.080699 -0.402043
6.684336 0.036183 -0.412612
6.684336 0.029323 -0.441543
6.684336 0.234120 -0.435870
6.684336 0.194024 -0.451133
6.576936 -0.555708 -0.299689
6.576936 -0.453436 -0.361991
6.576936 -0.309463 -0.356873
6.576936 -0.182333 -0.295363
6.576936 -0.159085 0.000000
6.576936 -0.624314 0.000000
6.576936 -0.629809 -0.141259
6.576936 -0.587882 -0.261854
6.043650 0.214751 -0.637964
6.058621 0.226609 -0.620602
5.759221 0.233548 -0.620602
5.759249 0.221346 -0.637962
5.384221 0.233599 -0.620602
5.384249 0.221400 -0.637983
5.045221 0.237199 -0.620602
4.991249 0.224993 -0.637944
4.526221 0.245120 -0.620602
4.526249 0.232911 -0.637921
3.781049 0.241471 -0.637928
3.766021 0.253853 -0.620602
3.781049 0.013703 -0.677419
3.766021 -0.003440 -0.665190
4.526221 -0.014311 -0.665190
4.526249 0.003046 -0.677426
5.045221 -0.019784 -0.665190
4.991249 -0.002431 -0.677403
5.384221 -0.019437 -0.665190
5.384249 -0.002091 -0.677364
5.759221 -0.021581 -0.665190
5.759249 -0.004231 -0.677385
6.043650 -0.009627 -0.677383
6.058621 -0.027263 -0.665190
4.153649 0.237191 -0.637924
4.153649 0.008374 -0.677423
5.789249 0.191094 -0.643152
6.013650 0.185887 -0.643132
6.013650 0.020499 -0.672215
5.789249 0.024753 -0.672195
5.414249 0.191845 -0.643154
5.729249 0.191804 -0.643162
5.729249 0.025487 -0.672185
5.414249 0.027289 -0.672193
5.021249 0.195170 -0.643137
5.354249 0.192117 -0.643125
5.354249 0.027439 -0.672223
5.021249 0.027142 -0.672210
4.556249 0.202835 -0.643039
4.961249 0.195935 -0.643036
4.961249 0.027488 -0.672311
4.556249 0.032255 -0.672308
4.496249 0.033041 -0.672327
4.183649 0.037514 -0.672337
4.183649 0.207279 -0.643010
4.496249 0.203690 -0.643020
3.811049 0.211563 -0.643035
4.123649 0.207974 -0.643046
4.123649 0.038366 -0.672301
3.811049 0.042839 -0.672312
5.789492 0.053562 -0.750364
5.789293 0.042097 -0.684394
5.789293 0.178886 -0.660511
5.789492 0.190348 -0.726466
5.789601 0.150840 -0.770777
5.789601 0.105671 -0.778663
5.414381 0.056113 -0.750396
5.414273 0.044631 -0.684364
5.414273 0.179643 -0.660539
5.414381 0.191118 -0.726524
5.414440 0.152138 -0.770796
5.414440 0.107646 -0.778647
5.021388 0.055933 -0.750348
5.021275 0.044489 -0.684432
5.021275 0.182955 -0.660473
5.021388 0.194402 -0.726400
5.021451 0.154389 -0.770758
5.021451 0.108581 -0.778684
4.556449 0.060963 -0.750409
4.556286 0.049591 -0.684552
4.556286 0.190604 -0.660357
4.556450 0.201979 -0.726233
4.556540 0.161160 -0.770726
4.556540 0.114385 -0.778751
4.183840 0.066210 -0.750456
4.183684 0.054845 -0.684565
4.183684 0.195047 -0.660345
4.183840 0.206412 -0.726231
4.183927 0.165821 -0.770731
4.183927 0.119353 -0.778758
3.811241 0.071564 -0.750446
3.811084 0.060172 -0.684528
3.811084 0.199338 -0.660380
3.811241 0.210728 -0.726285
3.811327 0.170461 -0.770741
3.811327 0.124387 -0.778736
5.817692 0.190334 -0.715584
5.817801 0.150825 -0.759894
5.817801 0.105656 -0.767781
5.817692 0.053548 -0.739481
5.817493 0.042083 -0.673511
5.817493 0.178872 -0.649628
5.442580 0.191110 -0.715680
5.442639 0.152130 -0.759951
5.442639 0.107638 -0.767803
5.442581 0.056106 -0.739551
5.442473 0.044623 -0.673520
5.442473 0.179635 -0.649694
5.049588 0.194393 -0.715552
5.049650 0.154380 -0.759911
5.049650 0.108573 -0.767837
5.049587 0.055925 -0.739501
5.049474 0.044480 -0.673585
5.049474 0.182947 -0.649626
4.584650 0.201967 -0.715365
4.584740 0.161148 -0.759858
4.584740 0.114373 -0.767883
4.584650 0.060952 -0.739541
4.584486 0.049580 -0.673684
4.584486 0.190592 -0.649489
4.212040 0.206401 -0.715366
4.212126 0.165810 -0.759866
4.212126 0.119341 -0.767893
4.212040 0.066199 -0.739591
4.211884 0.054834 -0.673700
4.211884 0.195036 -0.649480
3.839440 0.210716 -0.715420
3.839527 0.170450 -0.759876
3.839527 0.124375 -0.767871
3.839440 0.071553 -0.739581
3.839284 0.060161 -0.673663
3.839284 0.199327 -0.649515
3.811327 0.194324 -0.766739
3.811350 0.175562 -0.780006
3.811362 0.159363 -0.787891
4.068205 0.145550 -0.726652
4.086716 0.181162 -0.709368
4.086708 0.086824 -0.725603
4.068201 0.126643 -0.729894
3.811362 0.140609 -0.791145
3.811350 0.122702 -0.789178
3.811327 0.100585 -0.783005
4.105228 0.197878 -0.695322
4.123734 0.185025 -0.686379
4.123706 0.212384 -0.668536
3.811188 0.221690 -0.701638
3.811252 0.221412 -0.729386
3.811293 0.210542 -0.748835
4.477716 0.193451 -0.695334
4.496334 0.180709 -0.686337
4.496305 0.208081 -0.668514
4.183788 0.217388 -0.701617
4.183852 0.217099 -0.729354
4.183892 0.206109 -0.748821
4.183927 0.189772 -0.766732
4.183950 0.170900 -0.780002
4.183962 0.154575 -0.787896
4.440471 0.140779 -0.726736
4.459093 0.176621 -0.709414
4.459085 0.081705 -0.725677
4.440467 0.121757 -0.729985
4.183962 0.135704 -0.791156
4.183950 0.117677 -0.789196
4.183927 0.095454 -0.783025
4.923962 0.075456 -0.723712
4.905266 0.114847 -0.727001
4.556577 0.130832 -0.791149
4.556564 0.112713 -0.789185
4.556540 0.090398 -0.783005
4.556540 0.185169 -0.766745
4.556565 0.166219 -0.780004
4.556577 0.149793 -0.787895
4.905259 0.133564 -0.723708
4.923947 0.169028 -0.707369
4.942648 0.185785 -0.694319
4.961344 0.172981 -0.686409
4.961312 0.200337 -0.668528
4.556395 0.212955 -0.701644
4.556462 0.212670 -0.729373
4.556504 0.201594 -0.748841
5.336073 0.182393 -0.694991
5.354277 0.169258 -0.686567
5.354268 0.196573 -0.668607
5.021350 0.205343 -0.701733
5.021396 0.205087 -0.729484
5.021425 0.194306 -0.748900
5.021451 0.178178 -0.766780
5.021467 0.159499 -0.780023
5.021476 0.143383 -0.787885
5.299676 0.131285 -0.725579
5.317865 0.165980 -0.708639
5.317894 0.074511 -0.724930
5.299691 0.112991 -0.728876
5.021476 0.124705 -0.791117
5.021467 0.106883 -0.789127
5.021451 0.084825 -0.782933
5.711139 0.181998 -0.695272
5.729269 0.168957 -0.686537
5.729262 0.196275 -0.668642
5.414344 0.202034 -0.701747
5.414388 0.201792 -0.729534
5.414416 0.191394 -0.748909
5.414440 0.175656 -0.766784
5.414456 0.157327 -0.780035
5.414464 0.141636 -0.787881
5.674865 0.130383 -0.726270
5.693003 0.165481 -0.709168
5.692987 0.072871 -0.725261
5.674857 0.111792 -0.729480
5.414464 0.123345 -0.791109
5.414456 0.105921 -0.789107
5.414440 0.084232 -0.782917
5.996122 0.176713 -0.696818
6.013791 0.163037 -0.686547
6.013744 0.190352 -0.668613
5.789425 0.201277 -0.701746
5.789506 0.201029 -0.729515
5.789557 0.190434 -0.748909
5.789602 0.174496 -0.766785
5.789631 0.155988 -0.780030
5.789646 0.140077 -0.787883
5.960786 0.126591 -0.731008
5.978448 0.160837 -0.712289
5.978462 0.068958 -0.728487
5.960793 0.108211 -0.734260
5.789646 0.121588 -0.791111
5.789631 0.103959 -0.789114
5.789602 0.082080 -0.782921
5.789557 0.061050 -0.771500
5.789506 0.044538 -0.756843
5.789425 0.034935 -0.730789
6.013744 0.024964 -0.697696
6.013791 0.056743 -0.705239
5.996129 0.048074 -0.719460
5.414416 0.063399 -0.771496
5.414388 0.047085 -0.756851
5.414345 0.037478 -0.730786
5.729262 0.029958 -0.697665
5.729269 0.061747 -0.705246
5.711131 0.052529 -0.717831
5.021425 0.063610 -0.771514
5.021396 0.046912 -0.756849
5.021350 0.037316 -0.730806
5.354268 0.031894 -0.697705
5.354277 0.063664 -0.705225
5.336088 0.054313 -0.717686
4.556504 0.068913 -0.771606
4.556461 0.051943 -0.756944
4.556395 0.042375 -0.730913
4.961313 0.031890 -0.697803
4.961344 0.063648 -0.705410
4.942656 0.054771 -0.717128
4.183892 0.074062 -0.771632
4.183852 0.057188 -0.756981
4.183788 0.047623 -0.730944
4.496305 0.037432 -0.697820
4.496334 0.069195 -0.705487
4.477712 0.060663 -0.718120
3.811293 0.079304 -0.771607
3.811252 0.062541 -0.756958
3.811188 0.052967 -0.730916
4.123706 0.042776 -0.697792
4.123734 0.074544 -0.705436
4.105224 0.065899 -0.718068
2.080458 -0.044641 -0.580071
2.080458 -0.639738 -0.533271
2.958858 -0.755430 -0.464885
2.958858 -0.938409 -0.628220
2.958858 -1.348629 -0.610057
2.080458 -1.348629 0.000000
2.930218 0.704509 0.000000
2.930218 0.704509 -0.156457
2.890618 0.634652 -0.312522
2.890618 0.564392 -0.379419
2.876219 0.393459 -0.490883
2.080458 0.230355 -0.535484
2.436418 0.357459 -0.490883
1.626258 0.230355 -0.535484
1.626258 -0.044641 -0.580071
1.626258 -0.639738 -0.533271
1.626258 -0.798630 -0.464885
1.626258 -0.938409 -0.628220
1.626258 -1.348629 -0.610057
1.626258 -1.348629 0.000000
2.193910 1.331267 0.000000
-1.167794 0.704509 0.000000
-1.167794 0.704509 -0.156457
-1.079142 0.634652 -0.312522
-0.966887 0.564392 -0.379419
-0.869141 0.451059 -0.454883
-0.869141 0.230355 -0.535484
-0.869141 -0.044641 -0.580071
-0.869141 -0.639738 -0.533271
-0.869141 -0.870630 -0.464885
-0.605987 -1.078982 -0.628220
-0.605987 -1.201591 -0.631323
-0.605987 -1.132629 -0.610057
-0.605987 -1.348629 0.000000
1.124589 1.368707 0.000000
1.121248 0.407859 -0.490883
1.421248 0.393459 -0.490883
2.398921 0.394306 -0.483900
2.436418 0.321287 -0.500775
2.473918 0.357459 -0.490883

2.473427 0.371387 -0.481801
#471

1.421248 0.430267 -0.483714
1.421248 0.357287 -0.500775
1.121248 0.444280 -0.481952
1.121248 0.371687 -0.500775
-0.886830 0.482470 -0.434400
-0.869141 0.414887 -0.464775
2.224331 1.308867 0.000000
2.156535 1.334394 0.000000
2.203136 1.002782 -0.414086
2.202622 1.205622 -0.359939
2.184142 1.209105 -0.363017
2.184413 1.007165 -0.415509
2.202622 1.240752 -0.326490
2.201731 1.279411 -0.200170
2.184417 1.285425 -0.201149
2.184142 1.244235 -0.329568
2.164556 1.245486 -0.330265
2.164830 1.286676 -0.201846
2.218233 1.270108 -0.194992
2.219124 1.231449 -0.321312
2.367620 1.111280 -0.322231
2.220967 1.202554 -0.354093
2.369463 1.082385 -0.355012
2.164928 1.007475 -0.416100
2.164657 1.209415 -0.363608
1.346727 1.260902 -0.362695
1.346234 1.064003 -0.413891
1.346727 1.296032 -0.329246
1.198236 1.054193 -0.413891
1.198729 1.251091 -0.362695
0.619036 1.112495 -0.362695
0.650207 1.022778 -0.402545
1.198729 1.286221 -0.329246
1.198709 1.327066 -0.201033
0.619036 1.147625 -0.329246
-1.006543 -1.892791 -0.307323
-1.006543 -1.960629 -0.156457
-1.006543 -1.960629 0.000000
-1.373742 0.704509 0.000000
-1.373742 0.704509 -0.156457
-1.271461 0.634652 -0.312522
-1.158709 0.564392 -0.379419
-1.006543 0.482470 -0.434400
-1.006543 0.414887 -0.464775
-1.006543 0.230355 -0.535484
-1.006543 -0.044641 -0.580071
-1.006543 -0.639738 -0.533271
-1.006543 -1.615830 -0.464885
-1.006543 -1.824182 -0.369020
-1.655142 -0.639738 -0.506574
-1.655142 -1.414323 -0.441612
-1.655142 -1.622674 -0.350546
-1.655142 -1.691284 -0.291938
-1.655142 -1.759121 -0.148625
-1.655142 -1.759121 0.000000
-1.655142 0.704509 0.000000
-1.655142 0.704509 -0.148625
#526
-1.655142 0.634652 -0.296876
-1.655142 0.564392 -0.360425
-1.655142 0.482471 -0.412653
-1.655142 0.414887 -0.441507
-1.655142 0.230355 -0.508676
-1.655142 -0.044641 -0.551031
-0.361405 -1.095250 -1.664383
1.629640 -0.974871 -1.664383
2.962241 -0.974871 -1.664383
3.308442 -0.999037 -1.657746
3.456042 -1.116736 -1.668975
3.308442 -1.260532 -1.657578
2.962241 -1.365507 -1.664820
1.629640 -1.365507 -1.664820
-0.361405 -1.150019 -1.649955
2.978287 -0.959703 -8.145055
3.186722 -0.983870 -8.138417
3.186722 -1.047697 -8.145931
3.186722 -1.112480 -8.129084
2.978287 -1.217455 -8.136325
2.175970 -1.217455 -8.136325
1.081943 -1.106119 -8.128645
1.081943 -1.080082 -8.145055
2.175970 -0.959703 -8.145055
1.797642 -1.186562 -8.382774
1.797642 -1.111711 -8.387530
2.273984 -1.104526 -8.491683
2.711147 -1.104526 -8.491683
2.824718 -1.059287 -8.383914
2.824718 -1.094065 -8.388008
2.824718 -1.129364 -8.378828
2.711147 -1.179377 -8.486926
2.273984 -1.179377 -8.486926
0.489037 -1.838894 -0.460791
0.489037 -1.770285 -0.522487
0.626440 -1.442896 -0.430831
0.626440 -1.409934 0.000000
0.489037 -1.906732 0.000000
0.489037 -1.906732 -0.309925
0.791476 -1.389575 0.000000
0.654074 -1.799869 0.000000
0.654074 -1.799869 -0.315172
0.654074 -1.743844 -0.466038
0.654074 -1.687181 -0.527734
0.791476 -1.416797 -0.433712
-2.174141 0.397137 -0.397356
-2.174141 0.228038 -0.457809
-2.174141 -0.023960 -0.495928
-2.174141 -0.569288 -0.455917
-2.174141 -1.262241 -0.397451
-2.174141 -1.453168 -0.315491
-2.174141 -1.516039 -0.262744
-2.174141 -1.578203 -0.133762
-2.174141 -1.578203 0.000000
-2.174141 0.662537 0.000000
-2.174141 0.662537 -0.133762
-2.174141 0.598522 -0.267189
-2.174141 0.534139 -0.324382
-2.174141 0.459068 -0.371388
-2.693141 0.565465 -0.240470
-2.693141 0.508870 -0.291944
-2.693141 0.442880 -0.334249
-2.693141 0.388440 -0.357621
-2.693141 0.239795 -0.412028
-2.693141 0.018279 -0.446335
-2.693141 -0.461086 -0.410325
-2.693141 -0.925453 -0.357706
-2.693141 -1.093286 -0.283942
-2.693141 -1.148552 -0.236470
-2.693141 -1.203197 -0.120386
-2.693141 -1.203197 0.000000
-2.693141 0.621737 0.000000
-2.693141 0.621737 -0.120386
-3.492939 -0.720255 0.000000
-3.492939 0.557402 0.000000
-3.492939 0.557402 -0.108348
-3.492939 0.513374 -0.216423
-3.492939 0.469093 -0.262750
-3.492939 0.417462 -0.300824
-3.492939 0.374867 -0.321859
-3.492939 0.258566 -0.370825
-3.492939 0.085249 -0.401702
-3.492939 -0.289812 -0.369293
-3.492939 -0.502944 -0.321935
-3.492939 -0.634258 -0.255548
-3.492939 -0.677499 -0.212823
-3.492939 -0.720255 -0.108348
-4.296339 -0.594212 -0.216555
-4.296339 -0.637453 -0.180677
-4.296339 -0.680209 -0.092946
-4.296339 -0.680209 0.000000
-4.818340 0.679802 0.000000
-4.818340 0.679802 -0.092946
-4.296339 0.513374 -0.183700
-4.296339 0.469093 -0.222602
-4.296339 0.417462 -0.254574
-4.296339 0.374867 -0.272238
-4.296339 0.258566 -0.313356
-4.296339 0.085249 -0.339284
-4.296339 -0.289812 -0.312069
-4.296339 -0.462899 -0.272302
-5.927646 0.105235 -0.249998
-5.726139 -0.219019 -0.229945
-5.726139 -0.308772 -0.200643
-5.726139 -0.422297 -0.159566
-5.726139 -0.459680 -0.133130
-5.726139 -0.496644 -0.092946
-5.726139 -0.496644 0.000000
-5.463337 2.538391 0.000000
-5.463337 2.538391 -0.092946
-5.726139 0.475365 -0.135358
-5.726139 0.437082 -0.164022
-5.726139 0.392445 -0.187581
-5.726139 0.355620 -0.200596
-5.927646 0.255074 -0.230894
-6.684336 0.366154 -0.063359
-6.684336 0.340187 -0.066688
-6.684336 0.269287 -0.074438
-6.684336 0.163628 -0.079325
-6.684336 -0.036876 -0.074195
-6.684336 -0.101561 -0.066700
-6.684336 -0.146963 -0.056193
-6.684336 -0.161913 -0.049431
-6.684336 -0.176696 -0.032895
-6.684336 -0.176696 0.000000
-6.421535 2.538391 0.000000
-6.421535 2.538391 -0.032895
-6.684336 0.424625 -0.050001
-6.684336 0.397630 -0.057333
-5.604433 0.030233 -3.198227
-5.797521 -0.012666 -3.060199
-5.021369 0.017902 -3.196647
-4.818594 -0.032663 -3.060443
-5.604435 0.079761 -3.184031
-5.797521 0.137173 -3.022758
-5.021374 0.077262 -3.185613
-4.818594 0.140654 -3.023002
6.572738 -0.194421 0.505845
6.572553 -0.096294 0.535720
6.361460 -0.103735 0.558472
6.361460 -0.219626 0.515268
6.572132 0.636542 0.156457
6.361460 0.669865 0.156457
6.574741 -0.745212 0.156457
6.361460 -0.794649 0.156457
6.576936 -0.182333 0.295363
6.576936 -0.309463 0.356873
6.576936 -0.453436 0.361991
6.576936 -0.555708 0.299689
6.576936 -0.587882 0.261854
6.576936 -0.629809 0.141259
-6.421535 2.538391 0.032895
-6.684336 -0.176696 0.032895
-6.684336 -0.161913 0.049431
-6.684336 -0.146963 0.056193
-6.684336 -0.101561 0.066700
-6.684336 -0.036876 0.074195
-6.684336 0.163628 0.079325
-6.684336 0.269287 0.074438
-6.684336 0.340187 0.066688
-6.684336 0.366154 0.063359
-6.684336 0.397630 0.057333
-6.684336 0.424625 0.050001
6.361460 0.207409 0.535484
6.571836 0.207239 0.535484
6.571951 0.389182 0.490883
6.361460 0.398707 0.490883
6.573818 -0.338568 0.473719
6.361460 -0.378841 0.476876
6.361460 -0.523492 0.464885
6.574113 -0.480045 0.464885
6.361460 0.561399 0.379419
6.572050 0.530397 0.379419
6.572089 0.583477 0.312522
6.361460 0.615640 0.312522
6.361460 0.028069 0.567064
6.572061 0.027289 0.553741
6.574482 -0.639148 0.369020
6.361460 -0.686183 0.369020
6.361460 -0.740424 0.307323
6.574611 -0.692189 0.307323
6.058460 -0.864940 0.156457
6.058460 0.680933 0.156457
6.058460 0.623695 0.312522
6.058460 0.566441 0.379419
6.058460 0.394712 0.490883
6.058460 0.211786 0.535484
6.058460 -0.042087 0.580071
6.286466 -0.044879 0.580071
6.058460 -0.247173 0.548869
6.058460 -0.426032 0.510478
6.058460 -0.578719 0.464885
6.058460 -0.750448 0.369020
6.058460 -0.807703 0.307323
5.759059 -0.629551 0.464885
5.759059 -0.806535 0.369020
5.759059 -0.865547 0.307323
5.759059 -0.924679 0.156457
5.759059 0.688910 0.156457
5.759059 0.633582 0.312522
5.759059 0.574636 0.379419
5.759059 0.397834 0.490883
5.759059 0.218724 0.535484
5.960793 0.108211 0.734260
5.960786 0.126591 0.731008
5.789646 0.140077 0.787883
5.789646 0.121588 0.791111
5.759059 -0.036405 0.580071
5.759059 -0.274659 0.548869
5.759059 -0.472355 0.510478
5.674857 0.111792 0.729480
5.674865 0.130383 0.726270
5.414464 0.141636 0.787881
5.414464 0.123345 0.791109
5.384059 -0.034261 0.580071
5.384059 -0.439481 0.533271
5.634072 -0.409004 0.533271
5.384059 -0.690861 0.464885
5.384059 -0.877400 0.369020
5.384059 -0.938690 0.307323
5.384059 -1.000841 0.156457
5.384059 0.701148 0.156457
5.384059 0.640479 0.312522
5.384059 0.579792 0.379419
5.384059 0.397767 0.490883
5.384059 0.218775 0.535484
5.045059 0.651279 0.312522
5.045059 0.590592 0.379419
5.045059 0.408567 0.490883
5.045059 0.222375 0.535484
5.299691 0.112991 0.728876
5.299676 0.131285 0.725579
5.021476 0.143383 0.787885
5.021476 0.124705 0.791117
5.045059 -0.034608 0.580071
5.045059 -0.455493 0.533271
5.045059 -0.717533 0.464885
5.045059 -0.914058 0.369020
5.045059 -0.975665 0.307323
5.045059 -1.038557 0.156457
5.045059 0.711948 0.156457
4.526059 0.718504 0.156457
4.526059 0.658479 0.312522
4.526059 0.597792 0.379419
4.526059 0.414495 0.490883
4.526059 0.230297 0.535484
4.905266 0.114847 0.727001
4.905259 0.133564 0.723708
4.556577 0.149793 0.787895
4.556577 0.130832 0.791149
4.526059 -0.029135 0.580071
4.526059 -0.498435 0.533271
4.526059 -0.768878 0.464885
4.526059 -0.974194 0.369020
4.673659 -1.046356 0.307323
4.526059 -1.109240 0.156457
3.765859 -0.962355 0.628220
3.913459 -1.100734 0.631323
3.765859 -1.243404 0.610057
3.765859 0.722259 0.156457
3.765859 0.656899 0.312522
3.765859 0.591162 0.379419
3.765859 0.431232 0.490883
3.765859 0.239029 0.535484
4.068201 0.126643 0.729894
4.068205 0.145550 0.726652
3.811362 0.159363 0.787891
3.811362 0.140609 0.791145
3.765859 -0.018264 0.580071
3.765859 -0.575051 0.533271
3.765859 -0.787602 0.464885
6.634465 0.607010 0.152369
6.684336 0.571381 0.144191
6.684336 0.526950 0.276394
6.634446 0.556960 0.300481
6.684336 0.489194 0.324534
6.634429 0.509124 0.361126
6.684336 0.352180 0.421582
6.634385 0.375719 0.467785
6.684336 0.195568 0.461057
6.634334 0.203329 0.510677
6.684336 0.031728 0.471195
6.634434 0.028676 0.524650
6.684336 -0.075913 0.450460
6.634652 -0.088625 0.504625
6.634734 -0.181332 0.478734
6.684336 -0.164028 0.427821
6.684336 -0.307884 0.397477
6.635214 -0.323683 0.447942
6.684336 -0.434718 0.390959
6.635345 -0.459933 0.440246
6.684336 -0.565572 0.311244
6.635196 -0.609515 0.350011
6.684336 -0.601128 0.269432
6.634674 -0.657331 0.295157
6.684336 -0.644809 0.143792
6.634470 -0.707556 0.152436
6.684336 -0.303959 0.380123
6.684336 -0.163603 0.323078
6.684336 -0.080699 0.402043
6.684336 0.029323 0.441543
6.684336 0.194024 0.451133
6.684336 0.234120 0.435870
6.684336 0.345796 0.407722
6.684336 0.478740 0.313557
6.684336 0.513554 0.269169
6.684336 0.556381 0.141738
6.684336 -0.629809 0.141259
6.684336 -0.587882 0.261854
6.684336 -0.555708 0.299689
6.684336 -0.453436 0.361991
6.684336 -0.431677 0.381101
6.684336 -0.064552 0.375992
6.684336 -0.145284 0.299096
6.684336 0.036183 0.412612
6.684336 -0.159855 0.290230
6.684336 -0.149751 0.315557
6.684336 -0.160612 0.305211
6.684336 -0.174250 0.311456
6.684336 -0.182333 0.295363
6.684336 -0.430156 0.376173
6.684336 0.193252 0.446172
6.684336 -0.305939 0.371757
6.684336 -0.309463 0.356873
6.684336 -0.072625 0.389017
6.684336 0.032698 0.427306
5.759221 0.233548 0.620602
6.058621 0.226609 0.620602
6.058621 -0.027263 0.665190
5.759221 -0.021581 0.665190
5.384221 -0.019437 0.665190
5.045221 -0.019784 0.665190
4.526221 -0.014311 0.665190
3.766021 -0.003440 0.665190
3.766021 0.253853 0.620602
4.526221 0.245120 0.620602
5.045221 0.237199 0.620602
5.384221 0.233599 0.620602
5.759249 0.221346 0.637962
6.043650 0.214751 0.637964
5.384249 0.221400 0.637983
4.991249 0.224993 0.637944
4.526249 0.232911 0.637921
3.781049 0.241471 0.637928
4.153649 0.237191 0.637924
4.526249 0.003046 0.677426
4.153649 0.008374 0.677423
3.781049 0.013703 0.677419
4.991249 -0.002431 0.677403
5.384249 -0.002091 0.677364
5.759249 -0.004231 0.677385
6.043650 -0.009627 0.677383
4.183962 0.154575 0.787896
4.183962 0.135704 0.791156
4.440467 0.121757 0.729985
4.440471 0.140779 0.726736
5.789249 0.191094 0.643152
6.013650 0.185887 0.643132
6.013650 0.020499 0.672215
5.789249 0.024753 0.672195
5.414249 0.191845 0.643154
5.729249 0.191804 0.643162
5.729249 0.025487 0.672185
5.414249 0.027289 0.672193
5.021249 0.195170 0.643137
5.354249 0.192117 0.643125
5.354249 0.027439 0.672223
5.021249 0.027142 0.672210
4.556249 0.202835 0.643039
4.961249 0.195935 0.643036
4.961249 0.027488 0.672311
4.556249 0.032255 0.672308
4.496249 0.033041 0.672327
4.183649 0.037514 0.672337
4.183649 0.207279 0.643010
4.496249 0.203690 0.643020
3.811049 0.211563 0.643035
4.123649 0.207974 0.643046
4.123649 0.038366 0.672301
3.811049 0.042839 0.672312
6.013744 0.190352 0.668613
6.013791 0.163037 0.686547
6.013791 0.056743 0.705239
6.013744 0.024964 0.697696
5.789425 0.034935 0.730789
5.817692 0.053548 0.739481
5.817801 0.105656 0.767781
5.817801 0.150825 0.759894
5.817692 0.190334 0.715584
5.817493 0.178872 0.649628
5.817493 0.042083 0.673511
5.789425 0.201277 0.701746
5.729262 0.196275 0.668642
5.729269 0.168957 0.686537
5.729269 0.061747 0.705246
5.729262 0.029958 0.697665
5.414345 0.037478 0.730786
5.442581 0.056106 0.739551
5.442639 0.107638 0.767803
5.442639 0.152130 0.759951
5.442580 0.191110 0.715680
5.442473 0.179635 0.649694
5.442473 0.044623 0.673520
5.414344 0.202034 0.701747
5.354268 0.196573 0.668607
5.354277 0.169258 0.686567
5.354277 0.063664 0.705225
5.354268 0.031894 0.697705
5.021350 0.037316 0.730806
5.049587 0.055925 0.739501
5.049650 0.108573 0.767837
5.049650 0.154380 0.759911
5.049588 0.194393 0.715552
5.049474 0.182947 0.649626
5.049474 0.044480 0.673585
5.021350 0.205343 0.701733
4.961312 0.200337 0.668528
4.961344 0.172981 0.686409
4.961344 0.063648 0.705410
4.961313 0.031890 0.697803
4.556395 0.042375 0.730913
4.584650 0.060952 0.739541
4.584740 0.114373 0.767883
4.584740 0.161148 0.759858
4.584650 0.201967 0.715365
4.584486 0.190592 0.649489
4.584486 0.049580 0.673684
4.556395 0.212955 0.701644
4.212040 0.066199 0.739591
4.212126 0.119341 0.767893
4.212126 0.165810 0.759866
4.212040 0.206401 0.715366
4.211884 0.195036 0.649480
4.211884 0.054834 0.673700
4.183788 0.217388 0.701617
4.496305 0.208081 0.668514
4.496334 0.180709 0.686337
4.496334 0.069195 0.705487
4.496305 0.037432 0.697820
4.183788 0.047623 0.730944
4.123706 0.212384 0.668536
4.123734 0.185025 0.686379
4.123734 0.074544 0.705436
4.123706 0.042776 0.697792
3.811188 0.052967 0.730916
3.839440 0.071553 0.739581
3.839527 0.124375 0.767871
3.839527 0.170450 0.759876
3.839440 0.210716 0.715420
3.839284 0.199327 0.649515
3.839284 0.060161 0.673663
3.811188 0.221690 0.701638
5.789602 0.174496 0.766785
5.978448 0.160837 0.712289
5.996122 0.176713 0.696818
5.789557 0.190434 0.748909
5.414440 0.175656 0.766784
5.693003 0.165481 0.709168
5.711139 0.181998 0.695272
5.414416 0.191394 0.748909
5.021451 0.178178 0.766780
5.317865 0.165980 0.708639
5.336073 0.182393 0.694991
5.021425 0.194306 0.748900
4.556540 0.185169 0.766745
4.923947 0.169028 0.707369
4.942648 0.185785 0.694319
4.556504 0.201594 0.748841
4.183927 0.189772 0.766732
4.459093 0.176621 0.709414
4.477716 0.193451 0.695334
4.183892 0.206109 0.748821
3.811327 0.194324 0.766739
4.086716 0.181162 0.709368
4.105228 0.197878 0.695322
3.811293 0.210542 0.748835
5.978462 0.068958 0.728487
5.789602 0.082080 0.782921
5.789557 0.061050 0.771500
5.996129 0.048074 0.719460
5.692987 0.072871 0.725261
5.414440 0.084232 0.782917
5.414416 0.063399 0.771496
5.711131 0.052529 0.717831
5.317894 0.074511 0.724930
5.021451 0.084825 0.782933
5.021425 0.063610 0.771514
5.336088 0.054313 0.717686
4.923962 0.075456 0.723712
4.556540 0.090398 0.783005
4.556504 0.068913 0.771606
4.942656 0.054771 0.717128
4.459085 0.081705 0.725677
4.183927 0.095454 0.783025
4.183892 0.074062 0.771632
4.477712 0.060663 0.718120
4.086708 0.086824 0.725603
3.811327 0.100585 0.783005
3.811293 0.079304 0.771607
4.105224 0.065899 0.718068
5.789506 0.044538 0.756843
5.789492 0.053562 0.750364
5.789293 0.042097 0.684394
5.789293 0.178886 0.660511
5.789492 0.190348 0.726466
5.789506 0.201029 0.729515
5.789601 0.150840 0.770777
5.789631 0.155988 0.780030
5.789601 0.105671 0.778663
5.789631 0.103959 0.789114
5.414388 0.047085 0.756851
5.414381 0.056113 0.750396
5.414273 0.044631 0.684364
5.414273 0.179643 0.660539
5.414381 0.191118 0.726524
5.414388 0.201792 0.729534
5.414440 0.152138 0.770796
5.414456 0.157327 0.780035
5.414440 0.107646 0.778647
5.414456 0.105921 0.789107
5.021396 0.046912 0.756849
5.021388 0.055933 0.750348
5.021275 0.044489 0.684432
5.021275 0.182955 0.660473
5.021388 0.194402 0.726400
5.021396 0.205087 0.729484
5.021451 0.154389 0.770758
5.021467 0.159499 0.780023
5.021451 0.108581 0.778684
5.021467 0.106883 0.789127
4.556461 0.051943 0.756944
4.556449 0.060963 0.750409
4.556286 0.049591 0.684552
4.556286 0.190604 0.660357
4.556450 0.201979 0.726233
4.556462 0.212670 0.729373
4.556540 0.161160 0.770726
4.556565 0.166219 0.780004
4.556540 0.114385 0.778751
4.556564 0.112713 0.789185
4.183852 0.057188 0.756981
4.183840 0.066210 0.750456
4.183684 0.054845 0.684565
4.183684 0.195047 0.660345
4.183840 0.206412 0.726231
4.183852 0.217099 0.729354
4.183927 0.165821 0.770731
4.183950 0.170900 0.780002
4.183927 0.119353 0.778758
4.183950 0.117677 0.789196
3.811252 0.062541 0.756958
3.811241 0.071564 0.750446
3.811084 0.060172 0.684528
3.811084 0.199338 0.660380
3.811241 0.210728 0.726285
3.811252 0.221412 0.729386
3.811327 0.170461 0.770741
3.811350 0.175562 0.780006
3.811327 0.124387 0.778736
3.811350 0.122702 0.789178
2.080458 -0.044641 0.580071
2.080458 -0.639738 0.533271
2.958858 -0.755430 0.464885
2.958858 -0.938409 0.628220
1.797642 -1.111711 8.387530
1.797642 -1.186562 8.382774
2.273984 -1.179377 8.486926
2.273984 -1.104526 8.491683
2.958858 -1.348629 0.610057
2.930218 0.704509 0.156457
2.890618 0.634652 0.312522
2.890618 0.564392 0.379419
2.876219 0.393459 0.490883
2.080458 0.230355 0.535484
2.369463 1.082385 0.355012
2.220967 1.202554 0.354093
2.203136 1.002782 0.414086
2.436418 0.357459 0.490883
2.473427 0.371387 0.481801
2.473918 0.357459 0.490883
2.436418 0.321287 0.500775
1.626258 0.230355 0.535484
1.626258 -0.044641 0.580071
1.626258 -0.639738 0.533271
1.626258 -0.798630 0.464885
1.626258 -0.938409 0.628220
1.626258 -1.348629 0.610057
2.218233 1.270108 0.194992
2.219124 1.231449 0.321312
2.367620 1.111280 0.322231
0.619036 1.147625 0.329246
1.198729 1.286221 0.329246
1.198709 1.327066 0.201033
-1.167794 0.704509 0.156457
-1.079142 0.634652 0.312522
1.198729 1.251091 0.362695
-0.966887 0.564392 0.379419
0.619036 1.112495 0.362695
0.650207 1.022778 0.402545
-0.886830 0.482470 0.434400
1.121248 0.444280 0.481952
-0.869141 0.230355 0.535484
1.421248 0.357287 0.500775
1.121248 0.371687 0.500775
-0.869141 0.414887 0.464775
-0.869141 -0.044641 0.580071
-0.869141 -0.639738 0.533271
-0.869141 -0.870630 0.464885
-0.605987 -1.078982 0.628220
-0.605987 -1.132629 0.610057
2.164830 1.286676 0.201846
2.164657 1.209415 0.363608
2.164556 1.245486 0.330265
1.346727 1.296032 0.329246
1.346727 1.260902 0.362695
-0.869141 0.451059 0.454883
2.184413 1.007165 0.415509
2.164928 1.007475 0.416100
2.398921 0.394306 0.483900
1.421248 0.430267 0.483714
1.421248 0.393459 0.490883
1.121248 0.407859 0.490883
2.202622 1.240752 0.326490
2.202622 1.205622 0.359939
2.184142 1.244235 0.329568
2.184142 1.209105 0.363017
2.201731 1.279411 0.200170
2.184417 1.285425 0.201149
1.346234 1.064003 0.413891
1.198236 1.054193 0.413891
-1.006543 -1.615830 0.464885
-1.006543 -1.824182 0.369020
-0.605987 -1.201591 0.631323
-1.373742 0.704509 0.156457
-1.271461 0.634652 0.312522
-1.158709 0.564392 0.379419
-1.006543 0.482470 0.434400
-1.006543 0.414887 0.464775
-1.006543 0.230355 0.535484
-1.006543 -0.044641 0.580071
-1.006543 -0.639738 0.533271
-1.655142 -0.639738 0.506574
-1.655142 -1.414323 0.441612
-1.655142 -1.622674 0.350546
-1.655142 -1.691284 0.291938
-1.006543 -1.892791 0.307323
-1.655142 -1.759121 0.148625
-1.006543 -1.960629 0.156457
-1.655142 0.704509 0.148625
-1.655142 0.634652 0.296876
-1.655142 0.564392 0.360425
-1.655142 0.482471 0.412653
-1.655142 0.414887 0.441507
-1.655142 0.230355 0.508676
-1.655142 -0.044641 0.551031
0.654074 -1.743844 0.466038
0.654074 -1.799869 0.315172
0.791476 -1.416797 0.433712
0.654074 -1.687181 0.527734
-0.361405 -1.095250 1.664383
1.629640 -0.974871 1.664383
2.962241 -0.974871 1.664383
3.308442 -0.999037 1.657746
3.456042 -1.116736 1.668975
3.308442 -1.260532 1.657578
2.962241 -1.365507 1.664820
1.629640 -1.365507 1.664820
-0.361405 -1.150019 1.649955
2.978287 -0.959703 8.145055
3.186722 -0.983870 8.138417
3.186722 -1.047697 8.145931
3.186722 -1.112480 8.129084
2.978287 -1.217455 8.136325
2.175970 -1.217455 8.136325
1.081943 -1.106119 8.128645
1.081943 -1.080082 8.145055
2.175970 -0.959703 8.145055
2.711147 -1.104526 8.491683
2.824718 -1.059287 8.383914
2.824718 -1.094065 8.388008
2.824718 -1.129364 8.378828
2.711147 -1.179377 8.486926
0.489037 -1.838894 0.460791
0.489037 -1.770285 0.522487
0.626440 -1.442896 0.430831
0.489037 -1.906732 0.309925
-2.174141 0.397137 0.397356
-2.174141 0.228038 0.457809
-2.174141 -0.023960 0.495928
-2.174141 -0.569288 0.455917
-2.174141 -1.262241 0.397451
-2.174141 -1.453168 0.315491
-2.174141 -1.516039 0.262744
-2.174141 -1.578203 0.133762
-2.174141 0.662537 0.133762
-2.174141 0.598522 0.267189
-2.174141 0.534139 0.324382
-2.174141 0.459068 0.371388
-2.693141 0.565465 0.240470
-2.693141 0.508870 0.291944
-2.693141 0.442880 0.334249
-2.693141 0.388440 0.357621
-2.693141 0.239795 0.412028
-2.693141 0.018279 0.446335
-2.693141 -0.461086 0.410325
-2.693141 -0.925453 0.357706
-2.693141 -1.093286 0.283942
-2.693141 -1.148552 0.236470
-2.693141 -1.203197 0.120386
-2.693141 0.621737 0.120386
-3.492939 0.557402 0.108348
-3.492939 0.513374 0.216423
-3.492939 0.469093 0.262750
-3.492939 0.417462 0.300824
-3.492939 0.374867 0.321859
-3.492939 0.258566 0.370825
-3.492939 0.085249 0.401702
-3.492939 -0.289812 0.369293
-3.492939 -0.502944 0.321935
-3.492939 -0.634258 0.255548
-3.492939 -0.677499 0.212823
-3.492939 -0.720255 0.108348
-4.296339 -0.594212 0.216555
-4.296339 -0.637453 0.180677
-4.296339 -0.680209 0.092946
-4.818340 0.679802 0.092946
-4.296339 0.513374 0.183700
-4.296339 0.469093 0.222602
-4.296339 0.417462 0.254574
-4.296339 0.374867 0.272238
-4.296339 0.258566 0.313356
-4.296339 0.085249 0.339284
-4.296339 -0.289812 0.312069
-4.296339 -0.462899 0.272302
-5.927646 0.105235 0.249998
-5.726139 -0.219019 0.229945
-5.726139 -0.308772 0.200643
-5.726139 -0.422297 0.159566
-5.726139 -0.459680 0.133130
-5.726139 -0.496644 0.092946
-5.463337 2.538391 0.092946
-5.726139 0.475365 0.135358
-5.726139 0.437082 0.164022
-5.726139 0.392445 0.187581
-5.726139 0.355620 0.200596
-5.927646 0.255074 0.230894
-5.021374 0.077262 3.185613
-5.604435 0.079761 3.184031
-5.604433 0.030233 3.198227
-5.021369 0.017902 3.196647
-5.797521 0.137173 3.022758
-4.818594 0.140654 3.023002
-4.818594 -0.032663 3.060443
-5.797521 -0.012666 3.060199
6.942926 -1.766178 0.103431
6.979002 -1.766170 0.076686
6.957718 -1.898720 0.042740
6.922789 -1.898728 0.070967
6.935572 -1.368499 0.119729
6.974705 -1.368492 0.097697
6.914673 -0.829704 0.125437
6.956964 -0.829700 0.110327
6.900251 -0.517542 0.119161
6.943820 -0.517538 0.108274
6.887431 -0.226759 0.107292
6.931813 -0.226757 0.100433
6.878496 0.004158 0.092472
6.923258 0.004159 0.088854
6.872898 0.183762 0.075226
6.917793 0.183763 0.074143
6.871572 0.239352 0.072843
6.916480 0.239353 0.072546
6.828905 -1.898695 -0.045206
6.863833 -1.898686 -0.073434
6.843751 -1.766116 -0.105749
6.807674 -1.766124 -0.079004
6.851248 -1.368428 -0.121590
6.812115 -1.368434 -0.099558
6.872295 -0.829629 -0.126652
6.830005 -0.829634 -0.111542
6.886778 -0.517471 -0.119992
6.843209 -0.517475 -0.109104
6.899636 -0.226696 -0.107761
6.855254 -0.226698 -0.100901
6.908589 0.004212 -0.092651
6.863826 0.004212 -0.089034
6.914193 0.183807 -0.075180
6.869297 0.183807 -0.074097
6.915519 0.239396 -0.072727
6.870612 0.239396 -0.072430
6.941214 0.365903 2.029515
6.977266 0.339125 2.029531
6.955834 0.305159 2.162052
6.920930 0.333417 2.162038
6.934228 0.382324 1.631834
6.973341 0.360259 1.631856
6.913813 0.388212 1.093023
6.956090 0.373064 1.093051
6.899663 0.382040 0.780846
6.943222 0.371114 0.780879
6.887091 0.370269 0.490049
6.931466 0.363370 0.490084
6.878348 0.355525 0.259119
6.923107 0.351867 0.259157
6.872894 0.338338 0.079505
6.917789 0.337215 0.079544
6.871615 0.335972 0.023912
6.916523 0.335635 0.023952
6.826943 0.217327 2.161885
6.861846 0.189069 2.161900
6.841852 0.156810 2.029302
6.805800 0.183588 2.029286
6.849690 0.141082 1.631616
6.810576 0.163148 1.631594
6.871212 0.136160 1.092836
6.828934 0.151307 1.092807
6.885977 0.142899 0.780692
6.842418 0.153826 0.780660
6.899105 0.155205 0.489932
6.854729 0.162104 0.489896
6.908276 0.170375 0.259036
6.863517 0.174033 0.258999
6.914055 0.187895 0.079452
6.869161 0.189018 0.079413
6.915433 0.190364 0.023865
6.870526 0.190701 0.023825
6.943109 2.292618 -0.101995
6.979137 2.292594 -0.075185
6.957792 2.425125 -0.041198
6.922914 2.425150 -0.069488
6.935783 1.894950 -0.118541
6.974877 1.894930 -0.096440
6.914895 1.356158 -0.124605
6.957159 1.356144 -0.109421
6.900462 1.043993 -0.118540
6.944012 1.043983 -0.107575
6.887621 0.753203 -0.106866
6.931991 0.753197 -0.099928
6.878660 0.522277 -0.092199
6.923416 0.522274 -0.088501
6.873032 0.342663 -0.075070
6.917925 0.342661 -0.073907
6.871701 0.287070 -0.072721
6.916608 0.287070 -0.072344
6.828823 2.425047 0.046518
6.863701 2.425022 0.074807
6.843561 2.292433 0.107009
6.807533 2.292456 0.080199
6.851032 1.894735 0.122626
6.811937 1.894755 0.100525
6.872070 1.355934 0.127408
6.829806 1.355947 0.112223
6.886564 1.043780 0.120589
6.843014 1.043790 0.109624
6.899444 0.753012 0.108208
6.855074 0.753018 0.101270
6.908424 0.522112 0.092978
6.863667 0.522115 0.089280
6.914059 0.342529 0.075410
6.869165 0.342529 0.074247
6.915390 0.286941 0.072925
6.870483 0.286941 0.072549
6.944822 0.161679 -2.029341
6.980874 0.188457 -2.029277
6.959677 0.222503 -2.161817
6.924774 0.194244 -2.161881
6.937128 0.145022 -1.631683
6.976243 0.167088 -1.631622
6.915756 0.138816 -1.092913
6.958033 0.153964 -1.092857
6.901051 0.144802 -0.780758
6.944610 0.155728 -0.780707
6.887961 0.156401 -0.489977
6.932338 0.163300 -0.489929
6.878808 0.171008 -0.259054
6.923568 0.174665 -0.259010
6.873035 0.188089 -0.079440
6.917930 0.189212 -0.079398
6.871657 0.190422 -0.023848
6.916565 0.190759 -0.023808
6.830786 0.310333 -2.161827
6.865690 0.338591 -2.161763
6.845460 0.370772 -2.029181
6.809408 0.343994 -2.029245
6.852591 0.386265 -1.631473
6.813478 0.364198 -1.631534
6.873154 0.390867 -1.092652
6.830877 0.375720 -1.092707
6.887365 0.383943 -0.780487
6.843806 0.373017 -0.780538
6.899976 0.371465 -0.489711
6.855599 0.364566 -0.489758
6.908737 0.356158 -0.258808
6.863977 0.352501 -0.258852
6.914196 0.338531 -0.079225
6.869302 0.337409 -0.079266
6.915476 0.336030 -0.023637
6.870568 0.335693 -0.023677
7.431191 0.263190 0.000391
7.322116 0.390445 0.000327
7.140324 0.511639 0.000219
6.891874 0.596476 0.000072
6.770679 0.614655 0.000000
6.770679 0.360146 0.000000
6.455573 0.360146 -0.000187
6.455573 0.263190 -0.000187
7.322154 0.373402 -0.063290
7.140398 0.478366 -0.123984
6.891973 0.551841 -0.166542
6.770783 0.567585 -0.175702
6.770708 0.347161 -0.048470
6.455602 0.347161 -0.048656
7.322182 0.326839 -0.109867
7.140451 0.387457 -0.214920
6.892045 0.429890 -0.288530
6.770860 0.438982 -0.304343
6.770729 0.311685 -0.083957
6.455623 0.311685 -0.084144
7.322192 0.263228 -0.126928
7.140471 0.263263 -0.248230
6.892072 0.263288 -0.333214
6.770888 0.263294 -0.351465
6.770737 0.263219 -0.096956
6.455630 0.263219 -0.097143
7.322182 0.199606 -0.109904
7.140451 0.139050 -0.214994
6.892045 0.096661 -0.288628
6.770860 0.087578 -0.304447
6.770729 0.214745 -0.083986
6.455623 0.214745 -0.084173
7.322154 0.153015 -0.063355
7.140398 0.048088 -0.124112
6.891973 -0.025362 -0.166714
6.770784 -0.041101 -0.175883
6.770708 0.179247 -0.048520
6.455602 0.179247 -0.048706
7.322116 0.135935 0.000251
7.140324 0.014740 0.000072
6.891874 -0.070096 -0.000126
6.770679 -0.088275 -0.000208
6.770679 0.166234 -0.000058
6.455573 0.166234 -0.000244
7.322079 0.152940 0.063878
7.140250 0.047940 0.124295
6.891776 -0.025559 0.166516
6.770576 -0.041309 0.175522
6.770651 0.179190 0.048420
6.455544 0.179190 0.048233
7.322051 0.199475 0.110482
7.140196 0.138795 0.215285
6.891704 0.096319 0.288574
6.770499 0.087217 0.304239
6.770630 0.214645 0.083928
6.455523 0.214645 0.083741
7.322041 0.263077 0.127581
7.140177 0.262969 0.248669
6.891677 0.262894 0.333358
6.770471 0.262878 0.351465
6.770622 0.263104 0.096956
6.455515 0.263104 0.096769
7.322051 0.326708 0.110595
7.140196 0.387202 0.215505
6.891703 0.429548 0.288870
6.770499 0.438622 0.304551
6.770630 0.311585 0.084014
6.455523 0.311585 0.083827
7.322078 0.373327 0.064074
7.140250 0.478218 0.124678
6.891776 0.551643 0.167028
6.770575 0.567377 0.176063
6.770651 0.347104 0.048569
6.455544 0.347104 0.048382

# VERTEX 169 gebruik ik niet meer
# 1509 Vertices
# 495 planes - NEW PLANES 732

# van ring c-0
4 1 114 115 3 0.99 0.0 0.0
4 3 115 117 4 0.99 0.0 0.0
4 4 117 119 5 0.99 0.0 0.0
4 5 119 121 6 0.99 0.0 0.0
4 6 121 123 7 0.99 0.0 0.0
4 7 123 125 95 0.99 0.0 0.0
4 95 125 127 97 0.99 0.0 0.0
4 97 127 129 88 0.99 0.0 0.0
4 88 129 131 89 0.99 0.0 0.0
4 89 131 133 8 0.99 0.0 0.0
4 8 133 135 9 0.99 0.0 0.0
4 9 135 137 10 0.99 0.0 0.0
4 10 137 139 11 0.99 0.0 0.0
4 11 139 142 2 0.99 0.0 0.0

# ring b-c
4 114 113 116 115 0.99 0.0 0.0
4 115 116 118 117 0.99 0.0 0.0
4 117 118 120 119 0.99 0.0 0.0
4 119 120 122 121 0.99 0.0 0.0
4 121 122 124 123 0.99 0.0 0.0
4 123 124 126 125 0.99 0.0 0.0
4 125 126 128 127 0.99 0.0 0.0
4 127 128 130 129 0.99 0.0 0.0
4 129 130 132 131 0.99 0.0 0.0
4 131 132 134 133 0.99 0.0 0.0
4 133 134 136 135 0.99 0.0 0.0
4 135 136 138 137 0.99 0.0 0.0
4 137 138 140 139 0.99 0.0 0.0
4 139 140 142 141 0.99 0.0 0.0

# ring a-b
4 113 99 98 116 0.99 0.0 0.0
4 116 98 100 118 0.99 0.0 0.0
4 118 100 101 120 0.99 0.0 0.0
4 120 101 102 122 0.99 0.0 0.0
4 122 102 103 124 0.99 0.0 0.0
4 124 103 104 126 0.99 0.0 0.0
4 126 104 105 128 0.99 0.0 0.0
4 128 105 106 130 0.99 0.0 0.0
4 130 106 107 132 0.99 0.0 0.0
4 132 107 108 134 0.99 0.0 0.0
4 134 108 109 136 0.99 0.0 0.0
4 136 109 110 138 0.99 0.0 0.0
4 138 110 111 140 0.99 0.0 0.0
4 140 111 112 142 0.99 0.0 0.0

# van ring a naar binnenring
# neus voorvlak
4 99 156 151 98 0.99 0.0 0.0
4 98 151 150 100 0.99 0.0 0.0
4 100 150 149 101 0.99 0.0 0.0
4 101 149 148 102 0.99 0.0 0.0
4 102 148 147 103 0.99 0.0 0.0
4 104 173 147 103 0.99 0.0 0.0
4 104 173 171 105 0.99 0.0 0.0
4 105 171 160 106 0.99 0.0 0.0
4 164 160 166 165 0.99 0.0 0.0
3 160 164 106 0.99 0.0 0.0
4 106 164 168 107 0.99 0.0 0.0
4 107 168 170 108 0.99 0.0 0.0
4 108 170 154 109 0.99 0.0 0.0
4 109 154 153 110 0.99 0.0 0.0
4 110 153 152 111 0.99 0.0 0.0
4 111 152 157 112 0.99 0.0 0.0

# rechts neus binnen ring c
4 182 157 152 183 0.6 0.0 0.0
4 183 152 153 184 0.6 0.0 0.0
4 184 153 154 177 0.6 0.0 0.0
4 177 154 170 178 0.6 0.0 0.0
4 178 170 168 179 0.6 0.0 0.0
4 179 168 164 180 0.6 0.0 0.0
4 180 164 165 181 0.6 0.0 0.0

# achter wand neus binnen ring c
4 181 182 183 180 0.0 0.0 0.0 
4 180 183 184 179 0.0 0.0 0.0 
4 179 184 177 178 0.0 0.0 0.0 

# ring 0-1
4 14 1 3 15 0.0 0.0 0.0
4 15 3 4 16 0.0 0.0 0.0
4 16 4 5 17 0.9 0.9 0.9
4 17 5 6 18 0.9 0.9 0.9
4 18 6 7 19 0.9 0.9 0.9
5 19 7 95 96 20 0.89 0.89 0.89
3 95 97 96 0.88 0.88 0.88
5 20 96 97 88 90 0.88 0.88 0.88 
4 90 88 89 91 0.87 0.87 0.87
4 91 89 8 21 0.86 0.86 0.86
4 21 8 9 22 0.86 0.86 0.86
4 22 9 10 23 0.85 0.85 0.85  
4 23 10 11 12 0.84 0.84 0.84
4 12 11 2 13 0.83 0.83 0.83

# ring 1-2 
4 29 14 15 30 0.0 0.0 0.0
4 30 15 16 31 0.0 0.0 0.0
4 31 16 17 32 0.9 0.9 0.9
4 32 17 18 33 0.9 0.9 0.9
4 33 18 19 34 0.9 0.9 0.9
4 34 19 20 35 0.9 0.9 0.9
4 35 20 91 94 0.9 0.9 0.9
4 24 94 91 21 0.89 0.89 0.89
4 24 21 22 25 0.88 0.88 0.88
4 25 22 23 26 0.87 0.87 0.87
4 26 23 12 27 0.86 0.86 0.86 
4 27 12 13 28 0.85 0.85 0.85

# ring 2-3
4 44 29 30 45 0.0 0.0 0.0
4 45 30 31 46 0.0 0.0 0.0 
4 46 31 32 47 0.9 0.9 0.9 
4 47 32 33 48 0.9 0.9 0.9 
4 48 33 34 36 0.9 0.9 0.9  
4 36 34 35 37 0.89 0.89 0.89
4 37 35 93 38 0.89 0.89 0.89 
3 35 94 93 0.0 0.0 0.88 
3 24 93 94 0.88 0.88 0.88 
4 38 93 24 39 0.87 0.87 0.87  
4 39 24 25 40 0.87 0.87 0.87 
4 40 25 26 41 0.86 0.86 0.86 
4 41 26 27 42 0.85 0.85 0.85
4 42 27 28 43 0.84 0.84 0.84 

# ring 3-4
4 60 44 45 61 0.0 0.0 0.0
4 61 45 46 49 0.0 0.0 0.0
4 49 46 47 50 0.9 0.9 0.9
4 50 47 48 51 0.89 0.89 0.89
4 51 48 36 52 0.88 0.88 0.88
4 52 36 37 53 0.87 0.87 0.87
4 53 37 38 54 0.86 0.86 0.86
4 54 38 39 55 0.86 0.86 0.86
4 55 39 40 56 0.85 0.85 0.85
4 56 40 41 57 0.84 0.84 0.84
4 57 41 42 58 0.83 0.83 0.83
4 58 42 43 59 0.82 0.82 0.82

# ring 4-4a (10)
4 63 60 61 64 0.0 0.0 0.0
4 64 61 49 65 0.0 0.0 0.0
4 65 49 50 66 0.9 0.9 0.9
4 66 50 51 67 0.9 0.9 0.9
4 67 51 52 68 0.89 0.89 0.89
4 68 52 53 69 0.88 0.88 0.88
4 69 53 54 70 0.88 0.88 0.88
4 70 54 55 71 0.87 0.87 0.87
4 71 55 56 72 0.86 0.86 0.86 
4 72 56 57 73 0.85 0.85 0.85 
4 73 57 58 74 0.84 0.84 0.84
4 74 58 59 62 0.83 0.83 0.83

# ring 4a-5 (11)
4 79 63 64 80 0.0 0.0 0.0
4 80 64 65 81 0.0 0.0 0.0
4 81 65 66 82 0.9 0.9 0.9
4 82 66 67 83 0.9 0.9 0.9
4 83 67 68 84 0.89 0.89 0.89
4 84 68 69 85 0.88 0.88 0.88
4 85 69 70 86 0.87 0.87 0.87
4 86 70 71 87 0.86 0.86 0.86
4 87 71 72 75 0.85 0.85 0.85
4 75 72 73 76 0.84 0.84 0.84
4 76 73 74 77 0.83 0.83 0.83 

# ring 5-6 (7)
4 445 79 80 446 0.0 0.0 0.0
4 446 80 81 447 0.0 0.0 0.0
4 447 81 82 448 0.88 0.88 0.88
4 448 82 83 449 0.89 0.89 0.89
4 449 83 84 450 0.84 0.84 0.84
4 450 84 85 439 0.87 0.87 0.87
4 439 85 86 440 0.86 0.86 0.86

# ring 7-8
4 452 450 439 453 0.9 0.9 0.9
4 453 439 440 454 0.88 0.88 0.88

# rechts onder cockpit basis 
4 455 441 442 456 0.8 0.8 0.8

# ring 8-9
4 465 464 452 452 0.90 0.90 0.90 
4 465 452 453 466 0.89 0.89 0.89
4 466 453 454 467 0.88 0.88 0.88
4 467 454 455 468 0.87 0.87 0.87
4 468 455 456 469 0.86 0.86 0.86

# ring 9-9a
3 464 523 522 0.93 0.93 0.93
4 465 524 523 464 0.91 0.91 0.91
4 466 525 524 465 0.90 0.90 0.90
4 467 526 525 466 0.89 0.89 0.89
4 468 527 526 467 0.99 0.0 0.0

# canopy buiten ring achter naar voor
4 518 460 461 519 0.0 0.0 0.99 
4 519 461 462 520 0.0 0.0 0.99 
4 520 462 463 521 0.0 0.0 0.99 
4 521 463 464 522 0.0 0.0 0.99
4 464 463 474 452 0.0 0.0 0.99
4 474 475 452 452 0.0 0.0 0.99 
4 452 475 476 450 0.90 0.90 0.90
4 450 476 449 449 0.0 0.0 0.99

# air intake ring 9a
4 527 572 571 528 0.86 0.86 0.86
4 528 571 570 515 0.84 0.84 0.84
4 515 570 575 516 0.82 0.82 0.82
4 516 575 574 517 0.80 0.80 0.80

# air intake ring naar binnenring
4 573 576 581 572 0.82 0.0 0.0
4 572 581 580 571 0.82 0.0 0.0
4 571 580 579 570 0.82 0.0 0.0  
4 570 579 578 575 0.99 0.0 0.0 
4 575 578 577 574 0.99 0.0 0.0

# ring 9a-10 (13)
4 535 518 519 536 0.0 0.0 0.0
4 536 519 520 537 0.0 0.0 0.0
4 537 520 521 538 0.9 0.9 0.9
4 538 521 522 539 0.94 0.94 0.94
4 539 522 523 540 0.93 0.93 0.93
4 540 523 524 541 0.92 0.92 0.92
4 541 524 525 542 0.91 0.91 0.91
4 542 525 526 529 0.9 0.9 0.9
4 529 526 527 530 0.89 0.89 0.89
4 530 527 528 531 0.88 0.88 0.88
4 531 528 515 532 0.87 0.87 0.87
4 532 515 516 533 0.79 0.79 0.79
4 533 516 517 534 0.79 0.79 0.79

# rechts ring 10-11  (13)
4 591 535 536 592 0.0 0.0 0.0
4 592 536 537 593 0.0 0.0 0.0
4 593 537 538 594 0.9 0.9 0.9
4 594 538 539 595 0.9 0.9 0.9
4 595 539 540 582 0.9 0.9 0.9
4 582 540 541 583 0.8 0.8 0.8
4 583 541 542 584 0.8 0.8 0.8
4 584 542 529 585 0.8 0.8 0.8
4 585 529 530 586 0.8 0.8 0.8
4 586 530 531 587 0.8 0.8 0.8
4 587 531 532 588 0.8 0.8 0.8
4 588 532 533 589 0.79 0.79 0.79
4 589 533 534 590 0.79 0.79 0.79 

# rechts ring 11-12 (13)
4 608 591 592 609 0.0 0.0 0.0
4 609 592 593 596 0.0 0.0 0.0
4 596 593 594 597 0.93 0.93 0.93
4 597 594 595 598 0.92 0.92 0.92
4 598 595 582 599 0.91 0.91 0.91
4 599 582 583 600 0.90 0.90 0.90
4 600 583 584 601 0.89 0.89 0.89
4 601 584 585 602 0.88 0.88 0.88
4 602 585 586 603 0.87 0.87 0.87
4 603 586 587 604 0.86 0.86 0.86
4 604 587 588 605 0.85 0.85 0.85
4 605 588 589 606 0.84 0.84 0.84
4 606 589 590 607 0.83 0.83 0.83

# rechts ring 12-13 (13)
4 611 608 609 612 0.0 0.0 0.0
4 612 609 596 613 0.0 0.0 0.0
4 613 596 597 614 0.9 0.9 0.9
4 614 597 598 615 0.9 0.9 0.9
4 615 598 599 616 0.9 0.9 0.9
4 616 599 600 617 0.89 0.89 0.89
4 617 600 601 618 0.88 0.88 0.88
4 618 601 602 619 0.87 0.87 0.87
4 619 602 603 620 0.86 0.86 0.86
4 620 603 604 621 0.85 0.85 0.85
4 621 604 605 622 0.84 0.84 0.84
4 622 605 606 623 0.83 0.83 0.83
4 623 606 607 610 0.82 0.82 0.82

# rechts ring 13-14 (13)
4 628 611 612 629 0.0 0.0 0.0
4 629 612 613 630 0.0 0.0 0.0
4 630 613 614 631 0.9 0.9 0.9
4 631 614 615 632 0.9 0.9 0.9
4 632 615 616 633 0.9 0.9 0.9
4 633 616 617 634 0.9 0.9 0.9
4 634 617 618 635 0.89 0.89 0.89
4 635 618 619 636 0.88 0.88 0.88
4 636 619 620 637 0.87 0.87 0.87
4 637 620 621 624 0.86 0.86 0.86 
4 624 621 622 625 0.85 0.85 0.85
4 625 622 623 626 0.84 0.84 0.84
4 623 610 627 626 0.83 0.83 0.83

# ring 14-15
# boven de staart
3 650 629 633 0.92 0.92 0.92
3 630 633 629 0.89 0.89 0.89
4 650 633 634 651 0.96 0.96 0.96 
# 635 638 is onder de staart
4 635 636 639 638 0.80 0.80 0.80 
4 636 637 640 639 0.88 0.88 0.88 
4 640 637 624 641 0.87 0.87 0.87
4 641 624 625 642 0.86 0.86 0.86
4 642 625 626 643 0.85 0.85 0.85
4 643 626 627 644 0.84 0.84 0.84

# rechts roer bovenkant
4 662 645 646 663 0.0 0.0 0.0
#
4 628 629 646 645 0.0 0.0 0.0
# rechts roer voorrand
# 4 645 662 663 646 0.0 0.0 0.0
# roer 
3 650 646 629 0.94 0.94 0.94
4 662 646 650 653 0.91 0.91 0.91

# achterkant links en rechts
5 688 662 663 664 699 0.8 0.80 0.80 
4 664 699 698 665 0.88 0.88 0.88
4 665 698 696 653 0.89 0.89 0.89
4 653 696 695 654 0.88 0.88 0.88
4 654 695 694 655 0.87 0.87 0.87
4 655 694 693 656 0.86 0.86 0.86
4 656 693 692 657 0.85 0.85 0.85
4 657 692 691 658 0.84 0.84 0.84
4 658 691 690 659 0.83 0.83 0.83
4 659 690 689 660 0.82 0.82 0.82
3 660 661 689 0.81 0.81 0.81

# rechts staart tip
4 670 666 667 671 0.99 0.0 0.0
4 668 666 670 672 0.99 0.0 0.0
4 668 672 673 669 0.99 0.0 0.0
# rechts onder kant staart tip
4 667 666 668 669 0.99 0.0 0.0
# rechts bovenkant staart tip
4 671 673 672 670 0.99 0.0 0.0

# rechts staart bovenkant
4 651 634 673 671 0.9 0.9 0.9
# rechts staart onderkant 
4 635 638 667 669 0.84 0.84 0.84
# voorkant staart
4 634 635 669 673 0.99 0.99 0.0
# achterkant staart
4 671 667 638 651 0.7 0.7 0.7

# ring 15 naar staartvoet
4 654 653 650 651 0.85 0.85 0.85
# 651 638 is achterrand staart
4 655 654 651 638 0.92 0.92 0.92
# ring 15 naar end
4 655 638 639 656 0.9 0.9 0.9
4 656 639 640 657 0.89 0.89 0.89
4 657 640 641 658 0.88 0.88 0.88
4 658 641 642 659 0.87 0.87 0.87
4 659 642 643 660 0.86 0.86 0.86
4 660 643 644 661 0.85 0.85 0.85
4 661 644 643 643 0.84 0.84 0.84 

# wing 
# rechts onderkant wing basis 
4 551 550 457 470 0.6 0.6 0.6

# romp achter de vleugel
#4 469 470 527 526 niet in 1 vlak!

# 470 is onderkant 469 is bovenkant
# driehoeken bij air intake
3 457 458 471 0.9 0.9 0.9
3 471 458 472 0.8 0.8 0.8
3 443 78 444 0.99 0.0 0.0
3 443 77 78 0.9 0.9 0.9
3 457 444 458 0.99 0.0 0.0
3 457 443 444 0.9 0.9 0.9

# rechts wing bovenkant voorrand 
4 546 75 76 547 0.99 0.99 0.0
4 546 547 555 552 0.99 0.99 0.0 
3 545 546 552 0.8 0.8 0.8

# rechts wing bovenkant
# wing bovenkant achtervlak 
4 543 544 560 559 0.75 0.75 0.75

# rechts wing dikte tussenstuk 
4 543 551 470 469 0.0 0.0 0.0

# 470 is onderkant 469 is bovenkant 471 is het midden
# driehoek wing basis 
#3 469 470 456 0.99 0.0 0.0
# driehoek wing boven achterrand (flikkering)
3 456 543 469 0.8 0.8 0.8
# rechts wing boven driehoek tussenstuk
3 543 456 544 0.84 0.84 0.84
# wing bovenkant middenvlak
4 544 545 552 560 0.89 0.89 0.89
# rechts wing basis 
4 544 456 442 545 0.6 0.6 0.6  
# rechts wing onderkant
# tweede rand voorrand onderkant
3 555 547 548 0.99 0.99 0.0 
4 549 548 77 443 0.7 0.7 0.7

# rechts wing onderkant achter
4 557 550 551 558 0.8 0.8 0.8
# rechts wing onderkant midden
4 556 549 550 557 0.9 0.9 0.9
# voorrand wing onderkant 
4 555 548 549 556 0.8 0.8 0.8
# recht wing onderkant midden tussenstuk
4 549 443 457 550 0.6 0.6 0.6
# rechts voorkant onderkant wing basis
4 76 77 548 547 0.99 0.99 0.0
4 62 78 77 74 0.99 0.0 0.0
# rechts basis wing
4 441 87 75 442 0.8 0.8 0.8

# rechts wing voor boven tussenstuk
4 442 75 546 545 0.7 0.7 0.7

4 440 441 455 454 0.6 0.6 0.6
4 441 440 86 87 0.7 0.7 0.7
# rechts wing achtervlak 
4 559 558 551 543 0.6 0.6 0.6

# rechts tip wing light green
4 564 565 567 568 0.0 0.99 0.0
# rechts wing tip boven
3 552 553 565 0.99 0.0 0.0
4 553 554 566 565 0.99 0.0 0.0
4 560 552 564 563 0.99 0.0 0.0
3 562 560 563 0.99 0.0 0.0
3 559 560 562 0.99 0.0 0.0
# rechts wing tip onder
4 566 554 555 567 0.99 0.0 0.0
3 555 556 567 0.99 0.0 0.0
3 568 567 556 0.99 0.0 0.0
4 568 555 556 567 0.99 0.0 0.0
3 569 557 561 0.99 0.0 0.0
3 558 561 557 0.99 0.0 0.0

# zwart right exhaust box
4 187 186 208 205 0.0 0.0 0.0
4 189 187 205 203 0.0 0.0 0.0
4 191 189 203 201 0.0 0.0 0.0
4 193 191 201 199 0.0 0.0 0.0
4 196 193 199 198 0.0 0.0 0.0 

4 208 186 19 20 0.0 0.0 0.0
4 85 198 208 20 0.0 0.0 0.0
4 84 196 198 85 0.0 0.0 0.0
4 19 186 196 84 0.0 0.0 0.0

## LEFT SIDE

# van ring c-0
4 114 1 679 678 0.99 0.0 0.0
4 678 679 711 710 0.99 0.0 0.0
4 710 711 708 709 0.99 0.0 0.0
4 709 708 703 702 0.99 0.0 0.0
4 702 703 700 701 0.99 0.0 0.0
4 701 700 712 713 0.99 0.0 0.0
4 713 712 676 675 0.99 0.0 0.0
4 675 676 677 674 0.99 0.0 0.0
4 674 677 705 704 0.99 0.0 0.0
4 704 705 706 707 0.99 0.0 0.0
4 707 706 715 714 0.99 0.0 0.0
4 714 715 716 717 0.99 0.0 0.0
4 717 716 681 680 0.99 0.0 0.0
4 680 681 2 142 0.99 0.0 0.0

# ring b-c
4 113 114 678 808 0.99 0.0 0.0
4 808 678 710 811 0.99 0.0 0.0
4 811 710 709 813 0.99 0.0 0.0
4 813 709 702 815 0.99 0.0 0.0
4 815 702 701 817 0.99 0.0 0.0
4 817 701 713 819 0.99 0.0 0.0
4 819 713 675 821 0.99 0.0 0.0
4 821 675 674 822 0.99 0.0 0.0
4 822 674 704 825 0.99 0.0 0.0
4 825 704 707 827 0.99 0.0 0.0
4 827 707 714 829 0.99 0.0 0.0
4 829 714 717 831 0.99 0.0 0.0
4 831 717 680 833 0.99 0.0 0.0
4 833 680 141 142 0.99 0.0 0.0

# ring a-b
4 99 113 808 809 0.99 0.0 0.0
4 809 808 811 810 0.99 0.0 0.0
4 810 811 813 812 0.99 0.0 0.0
4 812 813 815 814 0.99 0.0 0.0
4 814 815 817 816 0.99 0.0 0.0
4 816 817 819 818 0.99 0.0 0.0
4 818 819 821 820 0.99 0.0 0.0
4 820 821 822 823 0.99 0.0 0.0
4 823 822 825 824 0.99 0.0 0.0
4 824 825 827 826 0.99 0.0 0.0
4 826 827 829 828 0.99 0.0 0.0
4 828 829 831 830 0.99 0.0 0.0
4 830 831 833 832 0.99 0.0 0.0
4 832 833 142 112 0.99 0.0 0.0

# van ring a naar binnenring
# neus voorvlak
4 156 99 809 843 0.99 0.0 0.0
4 843 809 810 842 0.99 0.0 0.0
4 842 810 812 841 0.99 0.0 0.0
4 841 812 814 840 0.99 0.0 0.0
4 840 814 816 858 0.99 0.0 0.0
4 851 818 816 858 0.99 0.0 0.0
4 851 818 820 849 0.99 0.0 0.0
4 849 820 823 850 0.99 0.0 0.0
4 850 856 165 166 0.99 0.0 0.0
3 823 856 850 0.99 0.0 0.0
4 856 823 824 860 0.99 0.0 0.0
4 860 824 826 847 0.99 0.0 0.0
4 847 826 828 846 0.99 0.0 0.0
4 846 828 830 845 0.99 0.0 0.0
4 845 830 832 844 0.99 0.0 0.0
4 844 832 112 157 0.99 0.0 0.0

# links neus binnen ring c
4 157 182 687 844 0.6 0.0 0.0
4 844 687 686 845 0.6 0.0 0.0
4 845 686 685 846 0.6 0.0 0.0
4 846 685 684 847 0.6 0.0 0.0
4 847 684 683 860 0.6 0.0 0.0
4 860 683 682 856 0.6 0.0 0.0
4 856 682 181 165 0.6 0.0 0.0

# achter wand neus binnen ring c
4 182 181 682 687 0.0 0.0 0.0 
4 687 682 683 686 0.0 0.0 0.0 
4 686 683 684 685 0.0 0.0 0.0 

# ring 0-1
4 1 14 719 679 0.0 0.0 0.0
4 679 719 720 711 0.0 0.0 0.0
4 711 720 721 708 0.9 0.9 0.9
4 708 721 722 703 0.9 0.9 0.9
4 703 722 723 700 0.9 0.9 0.9
5 700 723 724 725 712 0.87 0.87 0.87
3 676 712 725 0.89 0.89 0.89
5 725 724 726 677 676 0.88 0.88 0.88 
4 677 726 727 705 0.87 0.87 0.87
4 705 727 728 706 0.86 0.86 0.86
4 706 728 729 715 0.86 0.86 0.86
4 715 729 730 716 0.85 0.85 0.85  
4 716 730 718 681 0.84 0.84 0.84
4 681 718 13 2 0.83 0.83 0.83

# ring 1-2
4 14 29 735 719 0.0 0.0 0.0
4 719 735 736 720 0.0 0.0 0.0
4 720 736 737 721 0.9 0.9 0.9
4 721 737 738 722 0.9 0.9 0.9
4 722 738 739 723 0.9 0.9 0.9
4 723 739 744 724 0.9 0.9 0.9
4 724 744 746 727 0.9 0.9 0.9
4 727 746 731 728 0.89 0.89 0.89
4 728 731 732 729 0.88 0.88 0.88
4 729 732 733 730 0.87 0.87 0.87
4 730 733 734 718 0.86 0.86 0.86 
4 718 734 28 13 0.85 0.85 0.85
#4 13 28 733 730 0.84 0.84 0.84

# ring 2-3
4 29 44 758 735 0.0 0.0 0.0
4 735 758 759 736 0.0 0.0 0.0 
4 736 759 760 737 0.9 0.9 0.9 
4 737 760 761 738 0.9 0.9 0.9 
4 738 761 762 739 0.9 0.9 0.9  
4 739 762 751 744 0.89 0.89 0.89
4 744 751 752 753 0.89 0.89 0.89 
3 744 753 746 0.88 0.88 0.88 
3 746 753 731 0.88 0.88 0.88 
4 753 752 754 731 0.88 0.88 0.88  
4 731 754 755 732 0.87 0.87 0.87 
4 732 755 756 733 0.86 0.86 0.86 
4 733 756 757 734 0.85 0.85 0.85
4 734 757 43 28 0.84 0.84 0.84 

# ring 3-4
4 44 60 777 758 0.0 0.0 0.0 
4 758 777 763 759 0.0 0.0 0.0    
4 759 763 764 760 0.9 0.9 0.9 
4 760 764 765 761 0.89 0.89 0.89
4 761 765 766 762 0.88 0.88 0.88
4 762 766 771 751 0.87 0.87 0.87
4 751 771 772 752 0.86 0.86 0.86
4 752 772 773 754 0.86 0.86 0.86
4 754 773 774 755 0.85 0.85 0.85
4 755 774 775 756 0.84 0.84 0.84
4 756 775 776 757 0.83 0.83 0.83
4 757 776 59 43 0.82 0.82 0.82

# ring 4-4a (10)
4 60 63 778 777 0.0 0.0 0.0
4 777 778 779 763 0.0 0.0 0.0
4 763 779 780 764 0.9 0.9 0.9
4 764 780 781 765 0.9 0.9 0.9
4 765 781 782 766 0.89 0.89 0.89
4 766 782 787 771 0.88 0.88 0.88
4 771 787 788 772 0.88 0.88 0.88
4 772 788 789 773 0.87 0.87 0.87
4 773 789 790 774 0.86 0.86 0.86 
4 774 790 791 775 0.85 0.85 0.85 
4 775 791 792 776 0.84 0.84 0.84
4 776 792 62 59 0.83 0.83 0.83

# ring 4a-5 (11)
4 63 79 796 778 0.0 0.0 0.0
4 778 796 797 779 0.0 0.0 0.0
4 779 797 798 780 0.9 0.9 0.9
4 780 798 799 781 0.9 0.9 0.9
4 781 799 800 782 0.89 0.89 0.89
4 782 800 805 787 0.88 0.88 0.88
4 787 805 806 788 0.87 0.87 0.87
4 788 806 807 789 0.86 0.86 0.86
4 789 807 793 790 0.85 0.85 0.85
4 790 793 794 791 0.84 0.84 0.84
4 791 794 795 792 0.83 0.83 0.83 

# ring 5-6 (7)
4 79 445 1106 796 0.0 0.0 0.0
4 796 1106 1107 797 0.0 0.0 0.0
4 797 1107 1108 798 0.88 0.88 0.88
4 798 1108 1109 799 0.89 0.89 0.89
4 799 1109 1110 800 0.84 0.84 0.84
4 800 1110 1097 805 0.87 0.87 0.87
4 805 1097 1098 806 0.86 0.86 0.86

# ring 7-8
4 1110 1118 1119 1097 0.9 0.9 0.9
4 1097 1119 1120 1098 0.88 0.88 0.88

# links onder cockpit basis 
4 1099 1121 1122 1100 0.8 0.8 0.8

# ring 8-9
4 1152 1138 1118 1118 0.90 0.90 0.90 
4 1118 1138 1142 1119 0.89 0.89 0.89
4 1119 1142 1143 1120 0.88 0.88 0.88
4 1120 1143 1144 1121 0.87 0.87 0.87 
4 1121 1144 1145 1122 0.86 0.86 0.86

# ring 9-9a
3 1174 1152 1173 0.93 0.93 0.93 
4 1175 1138 1152 1174 0.91 0.91 0.91
4 1176 1142 1138 1175 0.90 0.90 0.90
4 1177 1143 1142 1176 0.89 0.89 0.89
4 1167 1144 1143 1177 0.99 0.0 0.0

# canopy buiten ring achter naar voor
4 460 518 1170 1130 0.0 0.0 0.99 
4 1130 1170 1171 1131 0.0 0.0 0.99 
4 1131 1171 1172 1133 0.0 0.0 0.99 
4 1133 1172 1173 1152 0.0 0.0 0.99 
4 1133 1152 1118 1158 0.0 0.0 0.99
3 1157 1158 1118 0.0 0.0 0.99 
4 1157 1118 1110 1155 0.90 0.90 0.90
4 1155 1110 1109 1109 0.0 0.0 0.99

# air intake ring 9a
4 1221 1167 1168 1220 0.86 0.86 0.86
4 1220 1168 1182 1219 0.84 0.84 0.84
4 1219 1182 1184 1222 0.82 0.82 0.82
4 1222 1184 517 574 0.80 0.80 0.80

# air intake ring naar binnenring
4 576 573 1221 1194 0.82 0.0 0.0
4 1194 1221 1220 1195 0.82 0.0 0.0
4 1195 1220 1219 1192 0.82 0.0 0.0  
4 1192 1219 1222 1193 0.99 0.0 0.0 
4 1193 1222 574 577 0.99 0.0 0.0

# ring 9a-10 (13)
4 518 535 1185 1170 0.0 0.0 0.0
4 1170 1185 1186 1171 0.0 0.0 0.0
4 1171 1186 1187 1172 0.9 0.9 0.9
4 1172 1187 1188 1173 0.94 0.94 0.94
4 1173 1188 1189 1174 0.93 0.93 0.93
4 1174 1189 1190 1175 0.92 0.92 0.92
4 1175 1190 1191 1176 0.91 0.91 0.91
4 1176 1191 1178 1177 0.9 0.9 0.9
4 1177 1178 1179 1167 0.89 0.89 0.89
4 1167 1179 1180 1168 0.88 0.88 0.88
4 1168 1180 1181 1182 0.87 0.87 0.87
4 1182 1181 1183 1184 0.79 0.79 0.79
4 1184 1183 534 517 0.79 0.79 0.79

# ring 10-11  (13)
4 535 591 1231 1185 0.0 0.0 0.0
4 1185 1231 1232 1186 0.0 0.0 0.0
4 1186 1232 1233 1187 0.9 0.9 0.9
4 1187 1233 1234 1188 0.9 0.9 0.9
4 1188 1234 1223 1189 0.9 0.9 0.9
4 1189 1223 1224 1190 0.8 0.8 0.8
4 1190 1224 1225 1191 0.8 0.8 0.8
4 1191 1225 1226 1178 0.8 0.8 0.8
4 1178 1226 1227 1179 0.8 0.8 0.8
4 1179 1227 1228 1180 0.8 0.8 0.8
4 1180 1228 1229 1181 0.8 0.8 0.8
4 1181 1229 1230 1183 0.79 0.79 0.79
4 1183 1230 590 534 0.79 0.79 0.79 

# ring 11-12 (13)
4 591 608 1246 1231 0.0 0.0 0.0
4 1231 1246 1235 1232 0.0 0.0 0.0
4 1232 1235 1236 1233 0.93 0.93 0.93
4 1233 1236 1237 1234 0.92 0.92 0.92
4 1234 1237 1238 1223 0.91 0.91 0.91
4 1223 1238 1239 1224 0.90 0.90 0.90
4 1224 1239 1240 1225 0.89 0.89 0.89
4 1225 1240 1241 1226 0.88 0.88 0.88
4 1226 1241 1242 1227 0.87 0.87 0.87
4 1227 1242 1243 1228 0.86 0.86 0.86
4 1228 1243 1244 1229 0.85 0.85 0.85
4 1229 1244 1245 1230 0.84 0.84 0.84
4 1230 1245 607 590 0.83 0.83 0.83

# ring 12-13 (13)
4 608 611 1247 1246 0.0 0.0 0.0
4 1246 1247 1248 1235 0.0 0.0 0.0
4 1235 1248 1249 1236 0.9 0.9 0.9
4 1236 1249 1250 1237 0.9 0.9 0.9
4 1237 1250 1251 1238 0.9 0.9 0.9
4 1238 1251 1252 1239 0.89 0.89 0.89
4 1239 1252 1253 1240 0.88 0.88 0.88
4 1240 1253 1254 1241 0.87 0.87 0.87
4 1241 1254 1255 1242 0.86 0.86 0.86
4 1242 1255 1256 1243 0.85 0.85 0.85
4 1243 1256 1257 1244 0.84 0.84 0.84
4 1244 1257 1258 1245 0.83 0.83 0.83
4 1245 1258 610 607 0.82 0.82 0.82

# links ring 13-14 (13)
4 611 628 1262 1247 0.0 0.0 0.0
4 1247 1262 1263 1248 0.0 0.0 0.0
4 1248 1263 1264 1249 0.94 0.94 0.94
4 1249 1264 1265 1250 0.9 0.9 0.9
4 1250 1265 1266 1251 0.9 0.9 0.9
4 1251 1266 1267 1252 0.9 0.9 0.9
4 1252 1267 1268 1253 0.89 0.89 0.89
4 1253 1268 1269 1254 0.88 0.88 0.88
4 1254 1269 1270 1255 0.87 0.87 0.87
4 1255 1270 1259 1256 0.86 0.86 0.86 
4 1256 1259 1260 1257 0.85 0.85 0.85
4 1257 1260 1261 1258 0.84 0.84 0.84
4 610 1258 1261 627 0.83 0.83 0.83

# ring 14-15
# boven de staart
3 1262 1281 1266 0.92 0.92 0.92
3 1266 1263 1262 0.89 0.89 0.89
4 1266 1281 1282 1267 0.96 0.96 0.96 
# 1268 1271 is onder de staart
4 1269 1268 1271 1272 0.80 0.80 0.80 
4 1270 1269 1272 1273 0.88 0.88 0.88
4 1270 1273 1274 1259 0.87 0.87 0.87
4 1259 1274 1275 1260 0.86 0.86 0.86
4 1260 1275 1276 1261 0.85 0.85 0.85
4 1261 1276 644 627 0.84 0.84 0.84
# plane above this line is 590

# links roer bovenkant achter: 662-688 voor: 645-1277
4 645 662 688 1277 0.0 0.0 0.0
# roer 
3 1277 1281 1262 0.94 0.94 0.94
4 1277 662 696 1281 0.91 0.91 0.91
4 1262 628 645 1277 0.0 0.0 0.0

# links staart tip
4 1285 1284 1287 1290 0.99 0.0 0.0
4 1285 1286 1283 1284 0.99 0.0 0.0
4 1283 1286 1289 1288 0.99 0.0 0.0
# links onder kant staart tip
4 1285 1290 1289 1286 0.99 0.0 0.0
# links bovenkant staart tip
4 1288 1287 1284 1283 0.99 0.0 0.0

# links staart bovenkant
4 1267 1282 1287 1288 0.9 0.9 0.9
# links staart onderkant 
4 1271 1268 1289 1290 0.84 0.84 0.84
# voorkant staart
4 1268 1267 1288 1289 0.99 0.99 0.0
# achterkant staart
4 1290 1287 1282 1271 0.7 0.7 0.7

# ring 719 naar staartvoet
4 696 695 1282 1281 0.85 0.85 0.85
# 1282 1271 is achterrand staart
4 695 694 1271 1282 0.92 0.92 0.92
# ring 719 naar end
4 1271 694 693 1272 0.9 0.9 0.9
4 1272 693 692 1273 0.89 0.89 0.89
4 1273 692 691 1274 0.88 0.88 0.88
4 1274 691 690 1275 0.87 0.87 0.87
4 1275 690 689 1276 0.86 0.86 0.86
4 1276 689 661 644 0.85 0.85 0.85
#4 661 644 1276 643 0.84 0.84 0.84 

# wing 
# links onderkant wing basis 
4 1203 1204 1169 1123 0.6 0.6 0.6

# romp achter de vleugel
# aanpassen  1145 1169 1167 1177 niet in 1 vlak!

# 1169 is onderkant 1145 is bovenkant
# driehoeken bij air intake
3 458 1123 1146 0.9 0.9 0.9
3 458 1146 472 0.8 0.8 0.8
3 1105 444 78 0.99 0.0 0.0
3 795 1105 78 0.9 0.9 0.9
3 1123 458 444 0.99 0.0 0.0
3 1123 444 1105 0.9 0.9 0.9

# links wing bovenkant voorrand 
4 793 1199 1200 794 0.99 0.99 0.0
4 1200 1199 1205 1208 0.99 0.99 0.0 
3 1199 1198 1205 0.8 0.8 0.8

# links wing bovenkant
# wing bovenkant achtervlak 
4 1197 1196 1212 1213 0.75 0.75 0.75

# links wing dikte tussenstuk achterkant
4 1204 1196 1145 1169 0.0 0.0 0.0

# 1169 is onderkant 1145 is bovenkant 1146 is het midden
# driehoek wing boven achterrand (flikkering)
3 1196 1122 1145 0.8 0.8 0.8
# links wing boven driehoek tussenstuk
3 1122 1196 1197 0.84 0.84 0.84
# wing bovenkant middenvlak
4 1198 1197 1213 1205 0.89 0.89 0.89
# links wing basis 
4 1122 1197 1198 1100 0.6 0.6 0.6  
# links wing onderkant
# tweede rand voorrand onderkant
3 1200 1208 1201 0.99 0.99 0.0 
4 1201 1202 1105 795 0.7 0.7 0.7

4 1203 1210 1211 1204 0.8 0.8 0.8
4 1202 1209 1210 1203 0.9 0.9 0.9
4 1105 1202 1203 1123 0.6 0.6 0.6

# links voorkant onderkant wing basis
4 795 794 1200 1201 0.99 0.99 0.0
4 78 62 792 795 0.99 0.0 0.0
# links basis wing
4 807 1099 1100 793 0.8 0.8 0.8
# voorrand wing onder 
4 1201 1208 1209 1202 0.8 0.8 0.8
# links wing voor onder tussenstuk
4 793 1100 1198 1199 0.7 0.7 0.7

4 1098 1120 1121 1099 0.6 0.6 0.6
4 1099 807 806 1098 0.7 0.7 0.7
# links wing achtervlak 
4 1211 1212 1196 1204 0.6 0.6 0.6

# links tip wing light green
4 1215 1214 1218 1217 0.0 0.99 0.0
# links wing tip boven
3 1206 1205 1215 0.99 0.0 0.0
4 1207 1206 1215 1216 0.99 0.0 0.0
4 1205 1213 1104 1214 0.99 0.0 0.0
3 1213 1101 1104 0.99 0.0 0.0
3 1213 1212 1101 0.99 0.0 0.0

# links wing tip onder
4 1207 1216 1217 1208 0.99 0.0 0.0
3 1209 1208 1217 0.99 0.0 0.0
3 1217 1218 1209 0.99 0.0 0.0
4 1218 1208 1209 1217 0.99 0.99 0.0
3 1210 1103 1102 0.99 0.0 0.0
3 1102 1211 1210 0.99 0.0 0.0

# zwart links exhaust box
4 864 863 866 865 0.0 0.0 0.0
4 863 874 867 866 0.0 0.0 0.0
4 874 873 868 867 0.0 0.0 0.0
4 873 872 869 868 0.0 0.0 0.0
4 872 871 870 869 0.0 0.0 0.0 

4 864 865 724 723 0.0 0.0 0.0
4 870 805 724 865 0.0 0.0 0.0
4 871 800 805 870 0.0 0.0 0.0
4 864 723 800 871 0.0 0.0 0.0

# nose-cone
# nose coce ring 5
4 1447 1448 1454 1453 0.0 0.0 0.0
4 1453 1454 1460 1459 0.0 0.0 0.0 
4 1459 1460 1466 1465 0.0 0.0 0.0 
4 1465 1466 1472 1471 0.0 0.0 0.0 
4 1471 1472 1478 1477 0.0 0.0 0.0 
4 1477 1478 1484 1483 0.0 0.0 0.0 
4 1483 1484 1490 1489 0.0 0.0 0.0 
4 1489 1490 1496 1495 0.0 0.0 0.0 
4 1495 1496 1502 1501 0.0 0.0 0.0 
4 1501 1502 1508 1507 0.0 0.0 0.0
4 1507 1508 1448 1447 0.0 0.0 0.0


# nose cone from big to small ring
4 1447 1446 1452 1453 0.99 0.99 0.0
4 1453 1452 1458 1459 0.99 0.99 0.0 
4 1459 1458 1464 1465 0.99 0.99 0.0 
4 1465 1464 1470 1471 0.99 0.99 0.0 
4 1471 1470 1476 1477 0.99 0.99 0.0 
4 1477 1476 1482 1483 0.99 0.99 0.0 
4 1483 1482 1488 1489 0.99 0.99 0.0 
4 1489 1488 1494 1495 0.99 0.99 0.0 
4 1495 1494 1500 1501 0.99 0.99 0.0 
4 1501 1500 1506 1507 0.99 0.99 0.0 
4 1507 1506 1446 1447 0.99 0.99 0.0 

# nose cose ring 3
4 1439 1438 1445 1446 0.99 0.0 0.0
4 1446 1445 1451 1452 0.99 0.0 0.0
4 1452 1451 1457 1458 0.99 0.0 0.0
4 1458 1457 1463 1464 0.99 0.0 0.0
4 1464 1463 1469 1470 0.99 0.0 0.0
4 1470 1469 1475 1476 0.99 0.0 0.0
4 1476 1475 1481 1482 0.99 0.0 0.0
4 1482 1481 1487 1488 0.99 0.0 0.0
4 1488 1487 1493 1494 0.99 0.0 0.0
4 1494 1493 1499 1500 0.99 0.0 0.0
4 1500 1499 1505 1506 0.99 0.0 0.0
4 1506 1505 1438 1439 0.99 0.0 0.0

# nose ring 2 
4 1438 1437 1444 1445 0.0 0.0 0.0
4 1445 1444 1450 1451 0.0 0.0 0.0
4 1451 1450 1456 1457 0.0 0.0 0.0
4 1457 1456 1462 1463 0.0 0.0 0.0
4 1463 1462 1468 1469 0.0 0.0 0.0
4 1469 1468 1474 1475 0.0 0.0 0.0
4 1475 1474 1480 1481 0.0 0.0 0.0
4 1481 1480 1486 1487 0.0 0.0 0.0
4 1487 1486 1492 1493 0.0 0.0 0.0
4 1493 1492 1498 1499 0.0 0.0 0.0
4 1499 1498 1504 1505 0.0 0.0 0.0
4 1505 1504 1437 1438 0.0 0.0 0.0

# nose ring 1
4 1437 1436 1443 1444 0.99 0.0 0.0
4 1444 1443 1449 1450 0.99 0.0 0.0
4 1450 1449 1455 1456 0.99 0.0 0.0 
4 1456 1455 1461 1462 0.99 0.0 0.0 
4 1462 1461 1467 1468 0.99 0.0 0.0 
4 1468 1467 1473 1474 0.99 0.0 0.0 
4 1474 1473 1479 1480 0.99 0.0 0.0 
4 1480 1479 1485 1486 0.99 0.0 0.0 
4 1486 1485 1491 1492 0.99 0.0 0.0 
4 1492 1491 1497 1498 0.99 0.0 0.0 
4 1498 1497 1503 1504 0.99 0.0 0.0 
4 1504 1503 1436 1437 0.99 0.0 0.0 

# nose tip
3 1436 1435 1443 0.0 0.0 0.0
3 1443 1435 1449 0.0 0.0 0.0
3 1449 1435 1455 0.0 0.0 0.0
3 1455 1435 1461 0.0 0.0 0.0
3 1461 1435 1467 0.0 0.0 0.0
3 1467 1435 1473 0.0 0.0 0.0
3 1473 1435 1479 0.0 0.0 0.0
3 1479 1435 1485 0.0 0.0 0.0
3 1485 1435 1491 0.0 0.0 0.0
3 1491 1435 1497 0.0 0.0 0.0
3 1497 1435 1503 0.0 0.0 0.0
3 1503 1435 1436 0.0 0.0 0.0
